<?xml version="1.0" encoding="utf-8"?>
<COLLADA xmlns="http://www.collada.org/2005/11/COLLADASchema" version="1.4.1">
  <asset><contributor><author>Mixamo</author><authoring_tool>COLLADA Mixamo exporter</authoring_tool><comments></comments></contributor><created>2018-10-14T12:43:56Z</created><modified>2018-10-14T12:43:56Z</modified><revision></revision><title></title><unit meter="0.010000"/><up_axis>Y_UP</up_axis></asset>
  <library_animations>
    <animation id="mixamorig_Hips-anim" name="mixamorig_Hips"><source id="mixamorig_Hips-Matrix-animation-input"><float_array id="mixamorig_Hips-Matrix-animation-input-array" count="36">

0.000000 0.033333 0.066667 0.100000 0.133333 0.166667 0.200000 0.233333 0.266667 0.300000 0.333333 0.366667 0.400000 0.433333 0.466667 0.500000
0.533333 0.566667 0.600000 0.633333 0.666667 0.700000 0.733333 0.766667 0.800000 0.833333 0.866667 0.900000 0.933333 0.966667 1.000000 1.033333
1.066667 1.100000 1.133333 1.166667</float_array><technique_common><accessor source="#mixamorig_Hips-Matrix-animation-input-array" count="36"><param name="TIME" type="float"/></accessor></technique_common></source><source id="mixamorig_Hips-Matrix-animation-output-transform"><float_array id="mixamorig_Hips-Matrix-animation-output-transform-array" count="576">

0.995269 0.093174 0.027536 0.474988 -0.093626 0.995485 0.015585 101.652008 -0.025960 -0.018089 0.999499 1.554431 0.000000 0.000000 0.000000 1.000000
0.995321 0.092625 0.027521 1.786964 -0.093076 0.995537 0.015584 101.462944 -0.025954 -0.018072 0.999500 0.957983 0.000000 0.000000 0.000000 1.000000
0.995348 0.092335 0.027513 3.318485 -0.092786 0.995564 0.015586 101.285690 -0.025952 -0.018067 0.999500 0.357154 0.000000 0.000000 0.000000 1.000000
0.995362 0.092183 0.027517 5.026889 -0.092634 0.995578 0.015588 101.120544 -0.025959 -0.018064 0.999500 -0.177357 0.000000 0.000000 0.000000 1.000000
0.995367 0.092118 0.027541 6.788213 -0.092569 0.995584 0.015585 100.975395 -0.025983 -0.018062 0.999499 -0.555487 0.000000 0.000000 0.000000 1.000000
0.995372 0.092051 0.027586 8.446861 -0.092503 0.995591 0.015580 100.858276 -0.026030 -0.018059 0.999498 -0.726441 0.000000 0.000000 0.000000 1.000000
0.995378 0.091972 0.027650 9.874023 -0.092425 0.995598 0.015574 100.781189 -0.026096 -0.018058 0.999496 -0.716544 0.000000 0.000000 0.000000 1.000000
0.995391 0.091806 0.027720 10.969313 -0.092260 0.995613 0.015568 100.747894 -0.026169 -0.018054 0.999494 -0.611758 0.000000 0.000000 0.000000 1.000000
0.995408 0.091608 0.027782 11.684521 -0.092063 0.995632 0.015563 100.756561 -0.026235 -0.018049 0.999493 -0.498274 0.000000 0.000000 0.000000 1.000000
0.995426 0.091397 0.027832 12.059818 -0.091853 0.995651 0.015558 100.796806 -0.026289 -0.018044 0.999492 -0.424629 0.000000 0.000000 0.000000 1.000000
0.995447 0.091150 0.027865 12.207870 -0.091606 0.995674 0.015555 100.856010 -0.026327 -0.018037 0.999491 -0.407736 0.000000 0.000000 0.000000 1.000000
0.995475 0.090837 0.027885 12.233625 -0.091294 0.995703 0.015554 100.926094 -0.026352 -0.018029 0.999490 -0.450204 0.000000 0.000000 0.000000 1.000000
0.995509 0.090460 0.027896 12.169394 -0.090917 0.995737 0.015553 101.004410 -0.026370 -0.018019 0.999490 -0.540380 0.000000 0.000000 0.000000 1.000000
0.995546 0.090057 0.027905 11.995388 -0.090513 0.995774 0.015552 101.093163 -0.026386 -0.018009 0.999490 -0.650735 0.000000 0.000000 0.000000 1.000000
0.995583 0.089645 0.027913 11.705521 -0.090102 0.995811 0.015551 101.194885 -0.026402 -0.017998 0.999489 -0.749691 0.000000 0.000000 0.000000 1.000000
0.995623 0.089192 0.027914 11.326278 -0.089649 0.995852 0.015551 101.308556 -0.026411 -0.017986 0.999489 -0.810477 0.000000 0.000000 0.000000 1.000000
0.995670 0.088677 0.027900 10.891448 -0.089133 0.995898 0.015553 101.430122 -0.026407 -0.017972 0.999490 -0.811422 0.000000 0.000000 0.000000 1.000000
0.995715 0.088171 0.027878 10.429747 -0.088627 0.995943 0.015555 101.556168 -0.026393 -0.017959 0.999490 -0.738909 0.000000 0.000000 0.000000 1.000000
0.995751 0.087767 0.027858 9.978693 -0.088222 0.995979 0.015557 101.683250 -0.026381 -0.017948 0.999491 -0.595783 0.000000 0.000000 0.000000 1.000000
0.995782 0.087428 0.027841 9.577803 -0.087883 0.996009 0.015558 101.814598 -0.026370 -0.017939 0.999491 -0.405726 0.000000 0.000000 0.000000 1.000000
0.995802 0.087204 0.027831 9.234202 -0.087659 0.996029 0.015559 101.945892 -0.026364 -0.017933 0.999492 -0.205955 0.000000 0.000000 0.000000 1.000000
0.995800 0.087222 0.027840 8.908327 -0.087677 0.996027 0.015558 102.063492 -0.026372 -0.017934 0.999491 -0.029456 0.000000 0.000000 0.000000 1.000000
0.995714 0.088167 0.027947 8.561871 -0.088624 0.995944 0.015549 102.122177 -0.026463 -0.017959 0.999488 0.102317 0.000000 0.000000 0.000000 1.000000
0.995563 0.089806 0.028110 8.180562 -0.090265 0.995797 0.015534 102.120392 -0.026597 -0.018003 0.999484 0.192358 0.000000 0.000000 0.000000 1.000000
0.995393 0.091623 0.028239 7.728798 -0.092085 0.995630 0.015522 102.085106 -0.026693 -0.018051 0.999481 0.275487 0.000000 0.000000 0.000000 1.000000
0.995251 0.093142 0.028280 7.123905 -0.093605 0.995488 0.015518 102.043907 -0.026707 -0.018091 0.999480 0.432327 0.000000 0.000000 0.000000 1.000000
0.995162 0.094092 0.028256 6.331364 -0.094555 0.995399 0.015520 102.023071 -0.026666 -0.018116 0.999480 0.756825 0.000000 0.000000 0.000000 1.000000
0.995122 0.094527 0.028223 5.455276 -0.094990 0.995357 0.015523 102.027435 -0.026625 -0.018128 0.999481 1.259401 0.000000 0.000000 0.000000 1.000000
0.995104 0.094723 0.028202 4.660288 -0.095185 0.995339 0.015524 102.041672 -0.026600 -0.018133 0.999482 1.813337 0.000000 0.000000 0.000000 1.000000
0.995087 0.094909 0.028166 4.016751 -0.095371 0.995321 0.015528 102.038620 -0.026560 -0.018138 0.999483 2.238710 0.000000 0.000000 0.000000 1.000000
0.995071 0.095106 0.028086 3.464833 -0.095567 0.995302 0.015535 102.005920 -0.026477 -0.018142 0.999485 2.450920 0.000000 0.000000 0.000000 1.000000
0.995069 0.095167 0.027962 2.906487 -0.095626 0.995296 0.015546 101.950394 -0.026351 -0.018143 0.999488 2.503664 0.000000 0.000000 0.000000 1.000000
0.995093 0.094949 0.027820 2.300619 -0.095405 0.995317 0.015559 101.886101 -0.026213 -0.018137 0.999492 2.478501 0.000000 0.000000 0.000000 1.000000
0.995145 0.094443 0.027694 1.674575 -0.094898 0.995365 0.015570 101.819023 -0.026095 -0.018122 0.999495 2.362992 0.000000 0.000000 0.000000 1.000000
0.995209 0.093793 0.027599 1.064810 -0.094245 0.995427 0.015577 101.743843 -0.026012 -0.018104 0.999498 2.076566 0.000000 0.000000 0.000000 1.000000
0.995269 0.093174 0.027536 0.474985 -0.093625 0.995486 0.015585 101.652016 -0.025960 -0.018089 0.999499 1.554431 0.000000 0.000000 0.000000 1.000000</float_array><technique_common><accessor source="#mixamorig_Hips-Matrix-animation-output-transform-array" count="36" stride="16"><param type="float4x4"/></accessor></technique_common></source><source id="mixamorig_Hips-Interpolations"><Name_array id="mixamorig_Hips-Interpolations-array" count="36">
 LINEAR LINEAR LINEAR LINEAR LINEAR LINEAR LINEAR LINEAR LINEAR LINEAR LINEAR
LINEAR LINEAR LINEAR LINEAR LINEAR LINEAR LINEAR LINEAR LINEAR LINEAR LINEAR LINEAR
LINEAR LINEAR LINEAR LINEAR LINEAR LINEAR LINEAR LINEAR LINEAR LINEAR LINEAR LINEAR
LINEAR</Name_array><technique_common><accessor source="#mixamorig_Hips-Interpolations-array" count="36"><param type="name"/></accessor></technique_common></source><sampler id="mixamorig_Hips-Matrix-animation-transform"><input semantic="INPUT" source="#mixamorig_Hips-Matrix-animation-input"/><input semantic="OUTPUT" source="#mixamorig_Hips-Matrix-animation-output-transform"/><input semantic="INTERPOLATION" source="#mixamorig_Hips-Interpolations"/></sampler><channel source="#mixamorig_Hips-Matrix-animation-transform" target="mixamorig_Hips/matrix"/></animation>
    <animation id="mixamorig_Spine-anim" name="mixamorig_Spine"><source id="mixamorig_Spine-Matrix-animation-input"><float_array id="mixamorig_Spine-Matrix-animation-input-array" count="36">

0.000000 0.033333 0.066667 0.100000 0.133333 0.166667 0.200000 0.233333 0.266667 0.300000 0.333333 0.366667 0.400000 0.433333 0.466667 0.500000
0.533333 0.566667 0.600000 0.633333 0.666667 0.700000 0.733333 0.766667 0.800000 0.833333 0.866667 0.900000 0.933333 0.966667 1.000000 1.033333
1.066667 1.100000 1.133333 1.166667</float_array><technique_common><accessor source="#mixamorig_Spine-Matrix-animation-input-array" count="36"><param name="TIME" type="float"/></accessor></technique_common></source><source id="mixamorig_Spine-Matrix-animation-output-transform"><float_array id="mixamorig_Spine-Matrix-animation-output-transform-array" count="576">

0.998406 -0.052428 -0.020907 0.000000 0.051954 0.998393 -0.022644 10.181600 0.022060 0.021522 0.999525 0.131500 0.000000 0.000000 0.000000 1.000000
0.998261 -0.051525 -0.028629 -0.000000 0.050927 0.998476 -0.021248 10.181600 0.029680 0.019753 0.999364 0.131500 0.000000 0.000000 0.000000 1.000000
0.998041 -0.050954 -0.036309 -0.000000 0.050251 0.998536 -0.020018 10.181600 0.037276 0.018154 0.999140 0.131500 0.000000 0.000000 0.000000 1.000000
0.997733 -0.050847 -0.044076 -0.000000 0.050038 0.998561 -0.019268 10.181600 0.044993 0.017019 0.998842 0.131500 0.000000 0.000000 0.000000 1.000000
0.997306 -0.051465 -0.052271 -0.000000 0.050514 0.998536 -0.019354 10.181600 0.053191 0.016661 0.998445 0.131500 0.000000 0.000000 0.000000 1.000000
0.996709 -0.052965 -0.061367 0.000000 0.051797 0.998448 -0.020478 10.181600 0.062356 0.017232 0.997905 0.131500 0.000000 0.000000 0.000000 1.000000
0.995888 -0.055417 -0.071668 -0.000000 0.053923 0.998289 -0.022613 10.181600 0.072798 0.018655 0.997172 0.131500 0.000000 0.000000 0.000000 1.000000
0.994824 -0.058616 -0.082998 0.000000 0.056675 0.998066 -0.025546 10.181600 0.084335 0.020710 0.996222 0.131500 0.000000 0.000000 0.000000 1.000000
0.993566 -0.062259 -0.094607 0.000000 0.059765 0.997792 -0.028974 10.181600 0.096202 0.023134 0.995093 0.131500 0.000000 0.000000 0.000000 1.000000
0.992259 -0.065763 -0.105344 0.000000 0.062662 0.997506 -0.032485 10.181600 0.107217 0.025632 0.993905 0.131500 0.000000 0.000000 0.000000 1.000000
0.991139 -0.068257 -0.113953 0.000000 0.064597 0.997279 -0.035510 10.181600 0.116067 0.027834 0.992851 0.131500 0.000000 0.000000 0.000000 1.000000
0.990463 -0.068813 -0.119360 0.000000 0.064772 0.997198 -0.037418 10.181600 0.121601 0.029330 0.992146 0.131500 0.000000 0.000000 0.000000 1.000000
0.990408 -0.066866 -0.120914 0.000000 0.062721 0.997316 -0.037773 10.181600 0.123115 0.029827 0.991944 0.131500 0.000000 0.000000 0.000000 1.000000
0.990968 -0.062616 -0.118578 0.000000 0.058658 0.997607 -0.036587 10.181600 0.120585 0.029301 0.992270 0.131500 0.000000 0.000000 0.000000 1.000000
0.991958 -0.057058 -0.112973 -0.000000 0.053489 0.997977 -0.034374 10.181600 0.114706 0.028055 0.993003 0.131500 0.000000 0.000000 0.000000 1.000000
0.993119 -0.051582 -0.105141 0.000000 0.048471 0.998314 -0.031933 10.181600 0.106611 0.026617 0.993945 0.131500 0.000000 0.000000 0.000000 1.000000
0.994249 -0.047373 -0.096049 0.000000 0.044679 0.998551 -0.030007 10.181600 0.097331 0.025543 0.994924 0.131500 0.000000 0.000000 0.000000 1.000000
0.995270 -0.044928 -0.086135 0.000000 0.042573 0.998673 -0.028992 10.181600 0.087323 0.025188 0.995862 0.131500 0.000000 0.000000 0.000000 1.000000
0.996203 -0.043887 -0.075194 -0.000000 0.041820 0.998709 -0.028848 10.181600 0.076363 0.025593 0.996752 0.131500 0.000000 0.000000 0.000000 1.000000
0.997090 -0.043293 -0.062744 -0.000000 0.041525 0.998710 -0.029208 10.181600 0.063928 0.026518 0.997602 0.131500 0.000000 0.000000 0.000000 1.000000
0.997915 -0.042424 -0.048647 -0.000000 0.041014 0.998719 -0.029630 10.181600 0.049841 0.027573 0.998376 0.131500 0.000000 0.000000 0.000000 1.000000
0.998588 -0.041210 -0.033513 -0.000000 0.040218 0.998748 -0.029764 10.181600 0.034697 0.028374 0.998995 0.131500 0.000000 0.000000 0.000000 1.000000
0.998997 -0.040713 -0.018650 0.000000 0.040154 0.998760 -0.029432 10.181600 0.019825 0.028654 0.999393 0.131500 0.000000 0.000000 0.000000 1.000000
0.999133 -0.041273 -0.005397 -0.000000 0.041103 0.998746 -0.028599 10.181600 0.006570 0.028352 0.999576 0.131500 0.000000 0.000000 0.000000 1.000000
0.999072 -0.042746 0.005361 0.000000 0.042878 0.998704 -0.027435 10.181600 -0.004181 0.027639 0.999609 0.131500 0.000000 0.000000 0.000000 1.000000
0.998913 -0.044666 0.013314 -0.000000 0.045004 0.998640 -0.026303 10.181600 -0.012121 0.026874 0.999565 0.131500 0.000000 0.000000 0.000000 1.000000
0.998745 -0.046549 0.018500 -0.000000 0.047015 0.998565 -0.025623 10.181600 -0.017280 0.026460 0.999500 0.131500 0.000000 0.000000 0.000000 1.000000
0.998614 -0.048261 0.021010 -0.000000 0.048794 0.998480 -0.025634 10.181600 -0.019741 0.026623 0.999451 0.131500 0.000000 0.000000 0.000000 1.000000
0.998531 -0.049975 0.020921 -0.000000 0.050516 0.998379 -0.026225 10.181600 -0.019576 0.027243 0.999437 0.131500 0.000000 0.000000 0.000000 1.000000
0.998488 -0.051801 0.018417 0.000000 0.052288 0.998268 -0.026975 10.181600 -0.016987 0.027897 0.999466 0.131500 0.000000 0.000000 0.000000 1.000000
0.998470 -0.053511 0.013907 -0.000000 0.053876 0.998171 -0.027407 10.181600 -0.012415 0.028114 0.999528 0.131500 0.000000 0.000000 0.000000 1.000000
0.998474 -0.054648 0.007985 -0.000000 0.054847 0.998123 -0.027244 10.181600 -0.006481 0.027640 0.999597 0.131500 0.000000 0.000000 0.000000 1.000000
0.998490 -0.054913 0.001231 0.000000 0.054926 0.998139 -0.026496 10.181600 0.000226 0.026524 0.999648 0.131500 0.000000 0.000000 0.000000 1.000000
0.998502 -0.054386 -0.005951 -0.000000 0.054218 0.998207 -0.025354 10.181600 0.007319 0.024993 0.999661 0.131500 0.000000 0.000000 0.000000 1.000000
0.998482 -0.053437 -0.013357 -0.000000 0.053106 0.998300 -0.024026 10.181600 0.014618 0.023280 0.999622 0.131500 0.000000 0.000000 0.000000 1.000000
0.998406 -0.052428 -0.020907 0.000000 0.051953 0.998393 -0.022644 10.181600 0.022060 0.021522 0.999525 0.131500 0.000000 0.000000 0.000000 1.000000</float_array><technique_common><accessor source="#mixamorig_Spine-Matrix-animation-output-transform-array" count="36" stride="16"><param type="float4x4"/></accessor></technique_common></source><source id="mixamorig_Spine-Interpolations"><Name_array id="mixamorig_Spine-Interpolations-array" count="36">
 LINEAR LINEAR LINEAR LINEAR LINEAR LINEAR LINEAR LINEAR LINEAR LINEAR LINEAR
LINEAR LINEAR LINEAR LINEAR LINEAR LINEAR LINEAR LINEAR LINEAR LINEAR LINEAR LINEAR
LINEAR LINEAR LINEAR LINEAR LINEAR LINEAR LINEAR LINEAR LINEAR LINEAR LINEAR LINEAR
LINEAR</Name_array><technique_common><accessor source="#mixamorig_Spine-Interpolations-array" count="36"><param type="name"/></accessor></technique_common></source><sampler id="mixamorig_Spine-Matrix-animation-transform"><input semantic="INPUT" source="#mixamorig_Spine-Matrix-animation-input"/><input semantic="OUTPUT" source="#mixamorig_Spine-Matrix-animation-output-transform"/><input semantic="INTERPOLATION" source="#mixamorig_Spine-Interpolations"/></sampler><channel source="#mixamorig_Spine-Matrix-animation-transform" target="mixamorig_Spine/matrix"/></animation>
    <animation id="mixamorig_Spine1-anim" name="mixamorig_Spine1"><source id="mixamorig_Spine1-Matrix-animation-input"><float_array id="mixamorig_Spine1-Matrix-animation-input-array" count="36">

0.000000 0.033333 0.066667 0.100000 0.133333 0.166667 0.200000 0.233333 0.266667 0.300000 0.333333 0.366667 0.400000 0.433333 0.466667 0.500000
0.533333 0.566667 0.600000 0.633333 0.666667 0.700000 0.733333 0.766667 0.800000 0.833333 0.866667 0.900000 0.933333 0.966667 1.000000 1.033333
1.066667 1.100000 1.133333 1.166667</float_array><technique_common><accessor source="#mixamorig_Spine1-Matrix-animation-input-array" count="36"><param name="TIME" type="float"/></accessor></technique_common></source><source id="mixamorig_Spine1-Matrix-animation-output-transform"><float_array id="mixamorig_Spine1-Matrix-animation-output-transform-array" count="576">

0.994612 -0.103567 0.004611 -0.000000 0.103618 0.994536 -0.012718 10.083500 -0.003269 0.013128 0.999908 -1.000800 0.000000 0.000000 0.000000 1.000000
0.994407 -0.105564 -0.003464 0.000000 0.105513 0.994340 -0.012413 10.083500 0.004755 0.011978 0.999917 -1.000800 0.000000 0.000000 0.000000 1.000000
0.994132 -0.107531 -0.011811 -0.000000 0.107387 0.994143 -0.012182 10.083500 0.013051 0.010842 0.999856 -1.000800 0.000000 0.000000 0.000000 1.000000
0.993779 -0.109349 -0.021099 0.000000 0.109110 0.993955 -0.012175 10.083500 0.022303 0.009798 0.999703 -1.000800 0.000000 0.000000 0.000000 1.000000
0.993318 -0.110839 -0.032171 0.000000 0.110485 0.993798 -0.012577 10.083500 0.033366 0.008939 0.999403 -1.000800 0.000000 0.000000 0.000000 1.000000
0.992686 -0.111808 -0.045533 0.000000 0.111302 0.993695 -0.013508 10.083500 0.046756 0.008341 0.998872 -1.000800 0.000000 0.000000 0.000000 1.000000
0.991828 -0.112087 -0.060938 0.000000 0.111376 0.993666 -0.014963 10.083500 0.062229 0.008054 0.998029 -1.000800 0.000000 0.000000 0.000000 1.000000
0.990740 -0.111548 -0.077401 -0.000000 0.110570 0.993726 -0.016826 10.083500 0.078793 0.008112 0.996858 -1.000800 0.000000 0.000000 0.000000 1.000000
0.989505 -0.110099 -0.093587 0.000000 0.108797 0.993884 -0.018916 10.083500 0.095097 0.008535 0.995431 -1.000800 0.000000 0.000000 0.000000 1.000000
0.988283 -0.107662 -0.108193 0.000000 0.106001 0.994144 -0.021005 10.083500 0.109821 0.009290 0.993908 -1.000800 0.000000 0.000000 0.000000 1.000000
0.987285 -0.104141 -0.120092 0.000000 0.102126 0.994509 -0.022828 10.083500 0.121810 0.010274 0.992500 -1.000800 0.000000 0.000000 0.000000 1.000000
0.986737 -0.099431 -0.128310 -0.000000 0.097125 0.994980 -0.024119 10.083500 0.130064 0.011336 0.991441 -1.000800 0.000000 0.000000 0.000000 1.000000
0.986816 -0.093553 -0.132070 0.000000 0.091076 0.995538 -0.024691 10.083500 0.133790 0.012337 0.990933 -1.000800 0.000000 0.000000 0.000000 1.000000
0.987572 -0.086906 -0.130954 0.000000 0.084406 0.996129 -0.024535 10.083500 0.132579 0.013177 0.991085 -1.000800 0.000000 0.000000 0.000000 1.000000
0.988885 -0.080439 -0.125044 0.000000 0.078057 0.996664 -0.023846 10.083500 0.126545 0.013820 0.991865 -1.000800 0.000000 0.000000 0.000000 1.000000
0.990506 -0.075530 -0.114862 -0.000000 0.073367 0.997041 -0.022949 10.083500 0.116256 0.014304 0.993116 -1.000800 0.000000 0.000000 0.000000 1.000000
0.992152 -0.073524 -0.101134 0.000000 0.071637 0.997184 -0.022170 10.083500 0.102480 0.014751 0.994626 -1.000800 0.000000 0.000000 0.000000 1.000000
0.993582 -0.075144 -0.084542 0.000000 0.073561 0.997055 -0.021689 10.083500 0.085923 0.015331 0.996184 -1.000800 0.000000 0.000000 0.000000 1.000000
0.994621 -0.080123 -0.065652 -0.000000 0.078869 0.996654 -0.021478 10.083500 0.067153 0.016185 0.997611 -1.000800 0.000000 0.000000 0.000000 1.000000
0.995165 -0.087276 -0.045060 0.000000 0.086386 0.996033 -0.021336 10.083500 0.046744 0.017340 0.998756 -1.000800 0.000000 0.000000 0.000000 1.000000
0.995200 -0.094965 -0.023631 0.000000 0.094477 0.995305 -0.021006 10.083500 0.025515 0.018673 0.999500 -1.000800 0.000000 0.000000 0.000000 1.000000
0.994810 -0.101716 -0.002579 -0.000000 0.101643 0.994614 -0.020307 10.083500 0.004631 0.019939 0.999790 -1.000800 0.000000 0.000000 0.000000 1.000000
0.994157 -0.106644 0.016701 -0.000000 0.106958 0.994078 -0.019196 10.083500 -0.014554 0.020870 0.999676 -1.000800 0.000000 0.000000 0.000000 1.000000
0.993439 -0.109507 0.032982 -0.000000 0.110132 0.993758 -0.017778 10.083500 -0.030830 0.021293 0.999298 -1.000800 0.000000 0.000000 0.000000 1.000000
0.992844 -0.110417 0.045487 -0.000000 0.111252 0.993659 -0.016256 10.083500 -0.043403 0.021200 0.998833 -1.000800 0.000000 0.000000 0.000000 1.000000
0.992518 -0.109547 0.053925 0.000000 0.110493 0.993765 -0.014886 10.083500 -0.051958 0.020733 0.998434 -1.000800 0.000000 0.000000 0.000000 1.000000
0.992532 -0.107124 0.058354 0.000000 0.108104 0.994042 -0.013896 10.083500 -0.056518 0.020100 0.998199 -1.000800 0.000000 0.000000 0.000000 1.000000
0.992857 -0.103679 0.059038 -0.000000 0.104638 0.994420 -0.013398 10.083500 -0.057319 0.019480 0.998166 -1.000800 0.000000 0.000000 0.000000 1.000000
0.993371 -0.100147 0.056431 0.000000 0.101048 0.994792 -0.013332 10.083500 -0.054802 0.018946 0.998318 -1.000800 0.000000 0.000000 0.000000 1.000000
0.993911 -0.097556 0.051225 0.000000 0.098365 0.995059 -0.013497 10.083500 -0.049655 0.018454 0.998596 -1.000800 0.000000 0.000000 0.000000 1.000000
0.994347 -0.096492 0.044299 -0.000000 0.097181 0.995173 -0.013667 10.083500 -0.042766 0.017895 0.998925 -1.000800 0.000000 0.000000 0.000000 1.000000
0.994628 -0.096862 0.036517 0.000000 0.097416 0.995149 -0.013700 10.083500 -0.035013 0.017183 0.999239 -1.000800 0.000000 0.000000 0.000000 1.000000
0.994764 -0.098147 0.028497 -0.000000 0.098563 0.995038 -0.013569 10.083500 -0.027024 0.016307 0.999502 -1.000800 0.000000 0.000000 0.000000 1.000000
0.994792 -0.099838 0.020510 -0.000000 0.100122 0.994886 -0.013325 10.083500 -0.019075 0.015309 0.999701 -1.000800 0.000000 0.000000 0.000000 1.000000
0.994739 -0.101668 0.012571 0.000000 0.101830 0.994716 -0.013028 10.083500 -0.011180 0.014240 0.999836 -1.000800 0.000000 0.000000 0.000000 1.000000
0.994612 -0.103567 0.004611 0.000000 0.103618 0.994536 -0.012718 10.083500 -0.003269 0.013128 0.999908 -1.000800 0.000000 0.000000 0.000000 1.000000</float_array><technique_common><accessor source="#mixamorig_Spine1-Matrix-animation-output-transform-array" count="36" stride="16"><param type="float4x4"/></accessor></technique_common></source><source id="mixamorig_Spine1-Interpolations"><Name_array id="mixamorig_Spine1-Interpolations-array" count="36">
 LINEAR LINEAR LINEAR LINEAR LINEAR LINEAR LINEAR LINEAR LINEAR LINEAR LINEAR
LINEAR LINEAR LINEAR LINEAR LINEAR LINEAR LINEAR LINEAR LINEAR LINEAR LINEAR LINEAR
LINEAR LINEAR LINEAR LINEAR LINEAR LINEAR LINEAR LINEAR LINEAR LINEAR LINEAR LINEAR
LINEAR</Name_array><technique_common><accessor source="#mixamorig_Spine1-Interpolations-array" count="36"><param type="name"/></accessor></technique_common></source><sampler id="mixamorig_Spine1-Matrix-animation-transform"><input semantic="INPUT" source="#mixamorig_Spine1-Matrix-animation-input"/><input semantic="OUTPUT" source="#mixamorig_Spine1-Matrix-animation-output-transform"/><input semantic="INTERPOLATION" source="#mixamorig_Spine1-Interpolations"/></sampler><channel source="#mixamorig_Spine1-Matrix-animation-transform" target="mixamorig_Spine1/matrix"/></animation>
    <animation id="mixamorig_Spine2-anim" name="mixamorig_Spine2"><source id="mixamorig_Spine2-Matrix-animation-input"><float_array id="mixamorig_Spine2-Matrix-animation-input-array" count="36">

0.000000 0.033333 0.066667 0.100000 0.133333 0.166667 0.200000 0.233333 0.266667 0.300000 0.333333 0.366667 0.400000 0.433333 0.466667 0.500000
0.533333 0.566667 0.600000 0.633333 0.666667 0.700000 0.733333 0.766667 0.800000 0.833333 0.866667 0.900000 0.933333 0.966667 1.000000 1.033333
1.066667 1.100000 1.133333 1.166667</float_array><technique_common><accessor source="#mixamorig_Spine2-Matrix-animation-input-array" count="36"><param name="TIME" type="float"/></accessor></technique_common></source><source id="mixamorig_Spine2-Matrix-animation-output-transform"><float_array id="mixamorig_Spine2-Matrix-animation-output-transform-array" count="576">

0.994696 -0.101950 0.013639 0.000000 0.102120 0.994695 -0.012404 9.100000 -0.012302 0.013731 0.999830 -1.373400 0.000000 0.000000 0.000000 1.000000
0.994554 -0.104072 0.005600 -0.000000 0.104136 0.994482 -0.012719 9.100000 -0.004245 0.013233 0.999903 -1.373400 0.000000 0.000000 0.000000 1.000000
0.994344 -0.106174 -0.002715 0.000000 0.106130 0.994266 -0.013100 9.100000 0.004090 0.012737 0.999911 -1.373400 0.000000 0.000000 0.000000 1.000000
0.994062 -0.108150 -0.011984 -0.000000 0.107984 0.994058 -0.013692 9.100000 0.013394 0.012317 0.999834 -1.373400 0.000000 0.000000 0.000000 1.000000
0.993682 -0.109834 -0.023057 -0.000000 0.109515 0.993877 -0.014674 9.100000 0.024528 0.012056 0.999626 -1.373400 0.000000 0.000000 0.000000 1.000000
0.993148 -0.111033 -0.036446 0.000000 0.110506 0.993744 -0.016157 9.100000 0.038011 0.012019 0.999205 -1.373400 0.000000 0.000000 0.000000 1.000000
0.992401 -0.111558 -0.051906 -0.000000 0.110755 0.993683 -0.018114 9.100000 0.053598 0.012227 0.998488 -1.373400 0.000000 0.000000 0.000000 1.000000
0.991432 -0.111251 -0.068452 0.000000 0.110099 0.993711 -0.020392 9.100000 0.070290 0.012681 0.997446 -1.373400 0.000000 0.000000 0.000000 1.000000
0.990313 -0.109991 -0.084747 0.000000 0.108434 0.993843 -0.022767 9.100000 0.086729 0.013357 0.996142 -1.373400 0.000000 0.000000 0.000000 1.000000
0.989194 -0.107685 -0.099491 0.000000 0.105705 0.994084 -0.024982 9.100000 0.101592 0.014195 0.994725 -1.373400 0.000000 0.000000 0.000000 1.000000
0.988277 -0.104234 -0.111556 -0.000000 0.101864 0.994439 -0.026754 9.100000 0.113724 0.015076 0.993398 -1.373400 0.000000 0.000000 0.000000 1.000000
0.987776 -0.099534 -0.119965 0.000000 0.096875 0.994908 -0.027810 9.100000 0.122122 0.015848 0.992389 -1.373400 0.000000 0.000000 0.000000 1.000000
0.987865 -0.093613 -0.123929 0.000000 0.090825 0.995474 -0.027971 9.100000 0.125987 0.016376 0.991897 -1.373400 0.000000 0.000000 0.000000 1.000000
0.988595 -0.086876 -0.123011 -0.000000 0.084144 0.996081 -0.027245 9.100000 0.124895 0.016583 0.992031 -1.373400 0.000000 0.000000 0.000000 1.000000
0.989851 -0.080280 -0.117261 0.000000 0.077768 0.996636 -0.025851 9.100000 0.118942 0.016470 0.992765 -1.373400 0.000000 0.000000 0.000000 1.000000
0.991392 -0.075211 -0.107173 0.000000 0.073029 0.997038 -0.024144 9.100000 0.108671 0.016109 0.993947 -1.373400 0.000000 0.000000 0.000000 1.000000
0.992942 -0.073019 -0.093453 0.000000 0.071219 0.997208 -0.022461 9.100000 0.094832 0.015647 0.995370 -1.373400 0.000000 0.000000 0.000000 1.000000
0.994266 -0.074429 -0.076778 0.000000 0.073022 0.997109 -0.020989 9.100000 0.078118 0.015262 0.996827 -1.373400 0.000000 0.000000 0.000000 1.000000
0.995188 -0.079178 -0.057726 0.000000 0.078158 0.996746 -0.019718 9.100000 0.059100 0.015111 0.998138 -1.373400 0.000000 0.000000 0.000000 1.000000
0.995603 -0.086085 -0.036921 0.000000 0.085448 0.996171 -0.018501 9.100000 0.038372 0.015265 0.999147 -1.373400 0.000000 0.000000 0.000000 1.000000
0.995500 -0.093523 -0.015256 0.000000 0.093259 0.995494 -0.017176 9.100000 0.016793 0.015676 0.999736 -1.373400 0.000000 0.000000 0.000000 1.000000
0.994966 -0.100027 0.006021 0.000000 0.100111 0.994853 -0.015662 9.100000 -0.004423 0.016186 0.999859 -1.373400 0.000000 0.000000 0.000000 1.000000
0.994174 -0.104731 0.025488 0.000000 0.105109 0.994362 -0.013995 9.100000 -0.023879 0.016593 0.999577 -1.373400 0.000000 0.000000 0.000000 1.000000
0.993332 -0.107403 0.041904 0.000000 0.108002 0.994075 -0.012298 9.100000 -0.040335 0.016742 0.999046 -1.373400 0.000000 0.000000 0.000000 1.000000
0.992639 -0.108169 0.054481 0.000000 0.108905 0.993994 -0.010735 9.100000 -0.052993 0.016589 0.998457 -1.373400 0.000000 0.000000 0.000000 1.000000
0.992243 -0.107202 0.062933 0.000000 0.108005 0.994105 -0.009483 9.100000 -0.061546 0.016207 0.997973 -1.373400 0.000000 0.000000 0.000000 1.000000
0.992219 -0.104730 0.067329 -0.000000 0.105548 0.994376 -0.008701 9.100000 -0.066040 0.015740 0.997693 -1.373400 0.000000 0.000000 0.000000 1.000000
0.992534 -0.101279 0.067956 0.000000 0.102084 0.994740 -0.008476 9.100000 -0.066740 0.015350 0.997652 -1.373400 0.000000 0.000000 0.000000 1.000000
0.993064 -0.097780 0.065296 0.000000 0.098557 0.995093 -0.008771 9.100000 -0.064118 0.015146 0.997827 -1.373400 0.000000 0.000000 0.000000 1.000000
0.993639 -0.095254 0.060067 0.000000 0.095986 0.995338 -0.009416 9.100000 -0.058890 0.015122 0.998150 -1.373400 0.000000 0.000000 0.000000 1.000000
0.994126 -0.094280 0.053150 -0.000000 0.094948 0.995430 -0.010177 9.100000 -0.051948 0.015164 0.998535 -1.373400 0.000000 0.000000 0.000000 1.000000
0.994464 -0.094759 0.045400 -0.000000 0.095343 0.995385 -0.010862 9.100000 -0.044161 0.015130 0.998910 -1.373400 0.000000 0.000000 0.000000 1.000000
0.994662 -0.096162 0.037419 0.000000 0.096648 0.995254 -0.011387 9.100000 -0.036146 0.014943 0.999235 -1.373400 0.000000 0.000000 0.000000 1.000000
0.994753 -0.097975 0.029468 0.000000 0.098356 0.995082 -0.011776 9.100000 -0.028170 0.014613 0.999496 -1.373400 0.000000 0.000000 0.000000 1.000000
0.994761 -0.099927 0.021564 0.000000 0.100203 0.994893 -0.012097 9.100000 -0.020245 0.014195 0.999694 -1.373400 0.000000 0.000000 0.000000 1.000000
0.994696 -0.101950 0.013639 0.000000 0.102120 0.994695 -0.012404 9.100000 -0.012302 0.013731 0.999830 -1.373400 0.000000 0.000000 0.000000 1.000000</float_array><technique_common><accessor source="#mixamorig_Spine2-Matrix-animation-output-transform-array" count="36" stride="16"><param type="float4x4"/></accessor></technique_common></source><source id="mixamorig_Spine2-Interpolations"><Name_array id="mixamorig_Spine2-Interpolations-array" count="36">
 LINEAR LINEAR LINEAR LINEAR LINEAR LINEAR LINEAR LINEAR LINEAR LINEAR LINEAR
LINEAR LINEAR LINEAR LINEAR LINEAR LINEAR LINEAR LINEAR LINEAR LINEAR LINEAR LINEAR
LINEAR LINEAR LINEAR LINEAR LINEAR LINEAR LINEAR LINEAR LINEAR LINEAR LINEAR LINEAR
LINEAR</Name_array><technique_common><accessor source="#mixamorig_Spine2-Interpolations-array" count="36"><param type="name"/></accessor></technique_common></source><sampler id="mixamorig_Spine2-Matrix-animation-transform"><input semantic="INPUT" source="#mixamorig_Spine2-Matrix-animation-input"/><input semantic="OUTPUT" source="#mixamorig_Spine2-Matrix-animation-output-transform"/><input semantic="INTERPOLATION" source="#mixamorig_Spine2-Interpolations"/></sampler><channel source="#mixamorig_Spine2-Matrix-animation-transform" target="mixamorig_Spine2/matrix"/></animation>
    <animation id="mixamorig_Neck-anim" name="mixamorig_Neck"><source id="mixamorig_Neck-Matrix-animation-input"><float_array id="mixamorig_Neck-Matrix-animation-input-array" count="36">

0.000000 0.033333 0.066667 0.100000 0.133333 0.166667 0.200000 0.233333 0.266667 0.300000 0.333333 0.366667 0.400000 0.433333 0.466667 0.500000
0.533333 0.566667 0.600000 0.633333 0.666667 0.700000 0.733333 0.766667 0.800000 0.833333 0.866667 0.900000 0.933333 0.966667 1.000000 1.033333
1.066667 1.100000 1.133333 1.166667</float_array><technique_common><accessor source="#mixamorig_Neck-Matrix-animation-input-array" count="36"><param name="TIME" type="float"/></accessor></technique_common></source><source id="mixamorig_Neck-Matrix-animation-output-transform"><float_array id="mixamorig_Neck-Matrix-animation-output-transform-array" count="576">

0.999273 0.037759 -0.005318 0.000000 -0.037850 0.999117 -0.018243 16.671700 0.004624 0.018431 0.999819 -2.516200 0.000000 0.000000 0.000000 1.000000
0.999326 0.035669 0.008666 -0.000000 -0.035551 0.999277 -0.013484 16.671700 -0.009141 0.013167 0.999872 -2.516200 0.000000 0.000000 0.000000 1.000000
0.999226 0.033138 0.021197 -0.000000 -0.032955 0.999417 -0.008911 16.671700 -0.021479 0.008205 0.999736 -2.516200 0.000000 0.000000 0.000000 1.000000
0.999118 0.029607 0.029771 -0.000000 -0.029477 0.999554 -0.004782 16.671700 -0.029900 0.003900 0.999545 -2.516200 0.000000 0.000000 0.000000 1.000000
0.999191 0.024554 0.031849 0.000000 -0.024523 0.999698 -0.001371 16.671700 -0.031873 0.000589 0.999492 -2.516200 0.000000 0.000000 0.000000 1.000000
0.999482 0.017867 0.026755 0.000000 -0.017905 0.999839 0.001191 16.671700 -0.026729 -0.001670 0.999641 -2.516200 0.000000 0.000000 0.000000 1.000000
0.999815 0.009946 0.016450 0.000000 -0.009996 0.999946 0.002979 16.671700 -0.016420 -0.003143 0.999860 -2.516200 0.000000 0.000000 0.000000 1.000000
0.999990 0.001480 0.004276 0.000000 -0.001498 0.999990 0.004185 16.671700 -0.004270 -0.004191 0.999982 -2.516200 0.000000 0.000000 0.000000 1.000000
0.999950 -0.006886 -0.007303 0.000000 0.006922 0.999964 0.004959 16.671700 0.007269 -0.005009 0.999961 -2.516200 0.000000 0.000000 0.000000 1.000000
0.999731 -0.014703 -0.017958 0.000000 0.014800 0.999877 0.005278 16.671700 0.017878 -0.005542 0.999825 -2.516200 0.000000 0.000000 0.000000 1.000000
0.999349 -0.021675 -0.028848 0.000000 0.021826 0.999749 0.004957 16.671700 0.028733 -0.005583 0.999572 -2.516200 0.000000 0.000000 0.000000 1.000000
0.998780 -0.027571 -0.040977 0.000000 0.027750 0.999608 0.003794 16.671700 0.040856 -0.004926 0.999153 -2.516200 0.000000 0.000000 0.000000 1.000000
0.998016 -0.032193 -0.054115 0.000000 0.032336 0.999475 0.001767 16.671700 0.054030 -0.003513 0.998533 -2.516200 0.000000 0.000000 0.000000 1.000000
0.997130 -0.035318 -0.066960 0.000000 0.035339 0.999375 -0.000871 16.671700 0.066949 -0.001498 0.997755 -2.516200 0.000000 0.000000 0.000000 1.000000
0.996278 -0.036593 -0.078040 0.000000 0.036414 0.999330 -0.003708 16.671700 0.078123 0.000853 0.996943 -2.516200 0.000000 0.000000 0.000000 1.000000
0.995617 -0.035509 -0.086526 0.000000 0.035082 0.999364 -0.006446 16.671700 0.086700 0.003382 0.996229 -2.516200 0.000000 0.000000 0.000000 1.000000
0.995207 -0.031599 -0.092541 -0.000000 0.030885 0.999481 -0.009135 16.671700 0.092782 0.006233 0.995667 -2.516200 0.000000 0.000000 0.000000 1.000000
0.994973 -0.024819 -0.097020 0.000000 0.023747 0.999644 -0.012195 16.671700 0.097288 0.009830 0.995208 -2.516200 0.000000 0.000000 0.000000 1.000000
0.994729 -0.015851 -0.101306 0.000000 0.014280 0.999767 -0.016210 16.671700 0.101539 0.014678 0.994723 -2.516200 0.000000 0.000000 0.000000 1.000000
0.994285 -0.006007 -0.106587 0.000000 0.003724 0.999760 -0.021606 16.671700 0.106691 0.021085 0.994069 -2.516200 0.000000 0.000000 0.000000 1.000000
0.993548 0.003302 -0.113367 0.000000 -0.006563 0.999575 -0.028401 16.671700 0.113225 0.028961 0.993147 -2.516200 0.000000 0.000000 0.000000 1.000000
0.992565 0.011236 -0.121196 0.000000 -0.015722 0.999224 -0.036123 16.671700 0.120696 0.037760 0.991971 -2.516200 0.000000 0.000000 0.000000 1.000000
0.991508 0.017811 -0.128817 0.000000 -0.023645 0.998756 -0.043909 16.671700 0.127875 0.046582 0.990696 -2.516200 0.000000 0.000000 0.000000 1.000000
0.990614 0.023563 -0.134641 0.000000 -0.030641 0.998242 -0.050740 16.671700 0.133209 0.054389 0.989594 -2.516200 0.000000 0.000000 0.000000 1.000000
0.990115 0.028899 -0.137248 0.000000 -0.036846 0.997766 -0.055723 16.671700 0.135331 0.060229 0.988968 -2.516200 0.000000 0.000000 0.000000 1.000000
0.990173 0.033716 -0.135721 0.000000 -0.041955 0.997417 -0.058307 16.671700 0.133405 0.063428 0.989030 -2.516200 0.000000 0.000000 0.000000 1.000000
0.990827 0.037618 -0.129793 0.000000 -0.045510 0.997256 -0.058386 16.671700 0.127241 0.063758 0.989821 -2.516200 0.000000 0.000000 0.000000 1.000000
0.991968 0.040384 -0.119873 0.000000 -0.047400 0.997290 -0.056261 16.671700 0.117276 0.061491 0.991194 -2.516200 0.000000 0.000000 0.000000 1.000000
0.993367 0.042178 -0.106969 0.000000 -0.048007 0.997466 -0.052511 16.671700 0.104483 0.057298 0.992875 -2.516200 0.000000 0.000000 0.000000 1.000000
0.994779 0.043306 -0.092414 0.000000 -0.047875 0.997709 -0.047809 16.671700 0.090131 0.051984 0.994572 -2.516200 0.000000 0.000000 0.000000 1.000000
0.996033 0.043883 -0.077415 -0.000000 -0.047290 0.997966 -0.042740 16.671700 0.075382 0.046231 0.996082 -2.516200 0.000000 0.000000 0.000000 1.000000
0.997074 0.043805 -0.062653 0.000000 -0.046222 0.998221 -0.037667 16.671700 0.060892 0.040453 0.997324 -2.516200 0.000000 0.000000 0.000000 1.000000
0.997911 0.042982 -0.048226 0.000000 -0.044588 0.998470 -0.032719 16.671700 0.046746 0.034801 0.998300 -2.516200 0.000000 0.000000 0.000000 1.000000
0.998561 0.041531 -0.033938 -0.000000 -0.042484 0.998708 -0.027870 16.671700 0.032737 0.029271 0.999035 -2.516200 0.000000 0.000000 0.000000 1.000000
0.999018 0.039712 -0.019639 -0.000000 -0.040161 0.998927 -0.023057 16.671700 0.018702 0.023823 0.999541 -2.516200 0.000000 0.000000 0.000000 1.000000
0.999273 0.037759 -0.005318 -0.000000 -0.037850 0.999117 -0.018243 16.671700 0.004624 0.018431 0.999819 -2.516200 0.000000 0.000000 0.000000 1.000000</float_array><technique_common><accessor source="#mixamorig_Neck-Matrix-animation-output-transform-array" count="36" stride="16"><param type="float4x4"/></accessor></technique_common></source><source id="mixamorig_Neck-Interpolations"><Name_array id="mixamorig_Neck-Interpolations-array" count="36">
 LINEAR LINEAR LINEAR LINEAR LINEAR LINEAR LINEAR LINEAR LINEAR LINEAR LINEAR
LINEAR LINEAR LINEAR LINEAR LINEAR LINEAR LINEAR LINEAR LINEAR LINEAR LINEAR LINEAR
LINEAR LINEAR LINEAR LINEAR LINEAR LINEAR LINEAR LINEAR LINEAR LINEAR LINEAR LINEAR
LINEAR</Name_array><technique_common><accessor source="#mixamorig_Neck-Interpolations-array" count="36"><param type="name"/></accessor></technique_common></source><sampler id="mixamorig_Neck-Matrix-animation-transform"><input semantic="INPUT" source="#mixamorig_Neck-Matrix-animation-input"/><input semantic="OUTPUT" source="#mixamorig_Neck-Matrix-animation-output-transform"/><input semantic="INTERPOLATION" source="#mixamorig_Neck-Interpolations"/></sampler><channel source="#mixamorig_Neck-Matrix-animation-transform" target="mixamorig_Neck/matrix"/></animation>
    <animation id="mixamorig_Head-anim" name="mixamorig_Head"><source id="mixamorig_Head-Matrix-animation-input"><float_array id="mixamorig_Head-Matrix-animation-input-array" count="36">

0.000000 0.033333 0.066667 0.100000 0.133333 0.166667 0.200000 0.233333 0.266667 0.300000 0.333333 0.366667 0.400000 0.433333 0.466667 0.500000
0.533333 0.566667 0.600000 0.633333 0.666667 0.700000 0.733333 0.766667 0.800000 0.833333 0.866667 0.900000 0.933333 0.966667 1.000000 1.033333
1.066667 1.100000 1.133333 1.166667</float_array><technique_common><accessor source="#mixamorig_Head-Matrix-animation-input-array" count="36"><param name="TIME" type="float"/></accessor></technique_common></source><source id="mixamorig_Head-Matrix-animation-output-transform"><float_array id="mixamorig_Head-Matrix-animation-output-transform-array" count="576">

0.989879 0.141594 0.009498 0.000000 -0.141287 0.989582 -0.027657 9.617900 -0.013315 0.026036 0.999572 1.685000 0.000000 0.000000 0.000000 1.000000
0.988343 0.146816 0.040278 -0.000000 -0.145931 0.989001 -0.024107 9.617900 -0.043374 0.017948 0.998898 1.685000 0.000000 0.000000 0.000000 1.000000
0.986154 0.151048 0.068444 0.000000 -0.150022 0.988482 -0.019916 9.617900 -0.070663 0.009372 0.997456 1.685000 0.000000 0.000000 0.000000 1.000000
0.984063 0.153392 0.089952 0.000000 -0.152733 0.988165 -0.014211 9.617900 -0.091068 0.000246 0.995845 1.685000 0.000000 0.000000 0.000000 1.000000
0.983017 0.153221 0.101000 -0.000000 -0.153384 0.988147 -0.006194 9.617900 -0.100752 -0.009403 0.994867 1.685000 0.000000 0.000000 0.000000 1.000000
0.983376 0.150784 0.101174 0.000000 -0.151984 0.988374 0.004221 9.617900 -0.099361 -0.019528 0.994860 1.685000 0.000000 0.000000 0.000000 1.000000
0.984609 0.147048 0.094457 0.000000 -0.149225 0.988668 0.016369 9.617900 -0.090979 -0.030212 0.995394 1.685000 0.000000 0.000000 0.000000 1.000000
0.985929 0.142914 0.086711 0.000000 -0.145933 0.988854 0.029509 9.617900 -0.081527 -0.041748 0.995796 1.685000 0.000000 0.000000 0.000000 1.000000
0.987008 0.138521 0.081414 0.000000 -0.142365 0.988860 0.043454 9.617900 -0.074488 -0.054479 0.995733 1.685000 0.000000 0.000000 0.000000 1.000000
0.988071 0.133235 0.077227 -0.000000 -0.137883 0.988730 0.058328 9.617900 -0.068585 -0.068280 0.995306 1.685000 0.000000 0.000000 0.000000 1.000000
0.989595 0.126130 0.069231 0.000000 -0.131158 0.988623 0.073635 9.617900 -0.059156 -0.081949 0.994879 1.685000 0.000000 0.000000 0.000000 1.000000
0.991824 0.116381 0.052352 0.000000 -0.120654 0.988819 0.087633 9.617900 -0.041568 -0.093233 0.994776 1.685000 0.000000 0.000000 0.000000 1.000000
0.994350 0.103369 0.024124 0.000000 -0.105250 0.989630 0.097750 9.617900 -0.013770 -0.099737 0.994919 1.685000 0.000000 0.000000 0.000000 1.000000
