<?xml version="1.0" encoding="utf-8"?>
<COLLADA xmlns="http://www.collada.org/2005/11/COLLADASchema" version="1.4.1">
  <asset><contributor><author>Mixamo</author><authoring_tool>COLLADA Mixamo exporter</authoring_tool><comments></comments></contributor><created>2018-10-23T18:32:26Z</created><modified>2018-10-23T18:32:26Z</modified><revision></revision><title></title><unit meter="0.010000"/><up_axis>Y_UP</up_axis></asset>
  <library_animations>
    <animation id="Hips-anim" name="Hips"><source id="Hips-Matrix-animation-input"><float_array id="Hips-Matrix-animation-input-array" count="20">

0.000000 0.033333 0.066667 0.100000 0.133333 0.166667 0.200000 0.233333 0.266667 0.300000 0.333333 0.366667 0.400000 0.433333 0.466667 0.500000
0.533333 0.566667 0.600000 0.633333</float_array><technique_common><accessor source="#Hips-Matrix-animation-input-array" count="20"><param name="TIME" type="float"/></accessor></technique_common></source><source id="Hips-Matrix-animation-output-transform"><float_array id="Hips-Matrix-animation-output-transform-array" count="320">

0.993147 0.031347 -0.112591 0.675548 -0.046348 0.990006 -0.133195 106.915054 0.107291 0.137501 0.984674 -1.848824 0.000000 0.000000 0.000000 1.000000
0.996132 0.010801 -0.087198 0.391372 -0.023231 0.989475 -0.142829 107.958450 0.084737 0.144302 0.985899 21.862511 0.000000 0.000000 0.000000 1.000000
0.997828 0.002611 -0.065826 -0.005888 -0.013858 0.985174 -0.170997 109.782257 0.064403 0.171538 0.983070 44.519684 0.000000 0.000000 0.000000 1.000000
0.998325 0.019667 -0.054409 -0.373272 -0.029088 0.983565 -0.178194 110.672493 0.050010 0.179478 0.982490 67.224281 0.000000 0.000000 0.000000 1.000000
0.999616 0.021928 -0.016920 -0.701433 -0.024183 0.988811 -0.147198 110.056808 0.013503 0.147551 0.988962 89.149193 0.000000 0.000000 0.000000 1.000000
0.998229 0.000853 0.059482 -0.851957 0.006051 0.993255 -0.115790 107.815941 -0.059179 0.115945 0.991491 111.435486 0.000000 0.000000 0.000000 1.000000
0.990798 -0.033071 0.131250 -0.945944 0.048273 0.992262 -0.114393 106.012016 -0.126451 0.119677 0.984727 134.229691 0.000000 0.000000 0.000000 1.000000
0.984180 -0.069812 0.162835 -0.400203 0.093110 0.985743 -0.140146 105.408768 -0.150729 0.153091 0.976649 154.057007 0.000000 0.000000 0.000000 1.000000
0.983210 -0.073433 0.167052 -0.176732 0.102666 0.979429 -0.173718 105.079262 -0.150859 0.187952 0.970523 174.901901 0.000000 0.000000 0.000000 1.000000
0.986528 -0.037909 0.159139 0.075912 0.069461 0.977804 -0.197671 105.747299 -0.148113 0.206062 0.967265 198.945297 0.000000 0.000000 0.000000 1.000000
0.987942 -0.006220 0.154701 0.485278 0.038677 0.977428 -0.207700 106.458633 -0.149918 0.211179 0.965882 225.163666 0.000000 0.000000 0.000000 1.000000
0.988430 0.000330 0.151674 0.922103 0.032345 0.976536 -0.212909 108.800514 -0.148186 0.215352 0.965228 249.009857 0.000000 0.000000 0.000000 1.000000
0.989684 -0.011397 0.142814 0.903310 0.042027 0.976071 -0.213351 110.477654 -0.136965 0.217152 0.966481 272.267975 0.000000 0.000000 0.000000 1.000000
0.990306 -0.017679 0.137774 0.981095 0.045036 0.979152 -0.198073 111.262718 -0.131400 0.202358 0.970456 294.182831 0.000000 0.000000 0.000000 1.000000
0.992217 -0.022171 0.122534 1.077501 0.043206 0.984188 -0.171778 110.472710 -0.116788 0.175736 0.977485 317.176270 0.000000 0.000000 0.000000 1.000000
0.996734 -0.028063 0.075718 1.362607 0.039774 0.986654 -0.157897 108.382851 -0.070277 0.160393 0.984548 339.101318 0.000000 0.000000 0.000000 1.000000
0.999836 -0.009364 -0.015490 1.441481 0.006697 0.986426 -0.164072 107.235649 0.016816 0.163941 0.986327 361.711273 0.000000 0.000000 0.000000 1.000000
0.995353 0.019673 -0.094257 1.159948 -0.034643 0.986521 -0.159926 106.746315 0.089841 0.162448 0.982619 384.155579 0.000000 0.000000 0.000000 1.000000
0.991796 0.038043 -0.122041 0.914017 -0.055362 0.988342 -0.141826 106.730713 0.115223 0.147419 0.982340 405.276123 0.000000 0.000000 0.000000 1.000000
0.993147 0.031348 -0.112591 0.675550 -0.046349 0.990006 -0.133195 106.915039 0.107291 0.137500 0.984674 428.998138 0.000000 0.000000 0.000000 1.000000</float_array><technique_common><accessor source="#Hips-Matrix-animation-output-transform-array" count="20" stride="16"><param type="float4x4"/></accessor></technique_common></source><source id="Hips-Interpolations"><Name_array id="Hips-Interpolations-array" count="20">
 LINEAR LINEAR LINEAR LINEAR LINEAR LINEAR LINEAR LINEAR LINEAR LINEAR LINEAR
LINEAR LINEAR LINEAR LINEAR LINEAR LINEAR LINEAR LINEAR LINEAR</Name_array><technique_common><accessor source="#Hips-Interpolations-array" count="20"><param type="name"/></accessor></technique_common></source><sampler id="Hips-Matrix-animation-transform"><input semantic="INPUT" source="#Hips-Matrix-animation-input"/><input semantic="OUTPUT" source="#Hips-Matrix-animation-output-transform"/><input semantic="INTERPOLATION" source="#Hips-Interpolations"/></sampler><channel source="#Hips-Matrix-animation-transform" target="Hips/matrix"/></animation>
    <animation id="Spine-anim" name="Spine"><source id="Spine-Matrix-animation-input"><float_array id="Spine-Matrix-animation-input-array" count="20">

0.000000 0.033333 0.066667 0.100000 0.133333 0.166667 0.200000 0.233333 0.266667 0.300000 0.333333 0.366667 0.400000 0.433333 0.466667 0.500000
0.533333 0.566667 0.600000 0.633333</float_array><technique_common><accessor source="#Spine-Matrix-animation-input-array" count="20"><param name="TIME" type="float"/></accessor></technique_common></source><source id="Spine-Matrix-animation-output-transform"><float_array id="Spine-Matrix-animation-output-transform-array" count="320">

0.968071 0.009345 0.250501 0.001200 0.049748 0.972266 -0.228525 10.871700 -0.245689 0.233691 0.940758 -0.828500 0.000000 0.000000 0.000000 1.000000
0.962042 0.031936 0.271026 0.001200 0.010895 0.987842 -0.155077 10.871700 -0.272683 0.152144 0.949998 -0.828500 0.000000 0.000000 0.000000 1.000000
0.958426 0.029124 0.283852 0.001200 -0.007839 0.997090 -0.075834 10.871700 -0.285235 0.070456 0.955865 -0.828500 0.000000 0.000000 0.000000 1.000000
0.957706 -0.000920 0.287748 0.001200 0.015209 0.998759 -0.047429 10.871700 -0.287347 0.049799 0.956531 -0.828500 0.000000 0.000000 0.000000 1.000000
0.970255 0.009240 0.241908 0.001200 0.015968 0.994653 -0.102035 10.871700 -0.241558 0.102863 0.964919 -0.828500 0.000000 0.000000 0.000000 1.000000
0.988858 0.057533 0.137293 0.001200 -0.031814 0.982663 -0.182649 10.871700 -0.145422 0.176246 0.973545 -0.828500 0.000000 0.000000 0.000000 1.000000
0.994577 0.103317 0.011945 0.001200 -0.097505 0.966210 -0.238602 10.871700 -0.036193 0.236143 0.971044 -0.828500 0.000000 0.000000 0.000000 1.000000
0.987307 0.130223 -0.090921 0.001200 -0.149355 0.955960 -0.252651 10.871700 0.054016 0.263024 0.963276 -0.828500 0.000000 0.000000 0.000000 1.000000
0.976858 0.130225 -0.169678 0.001200 -0.164203 0.964941 -0.204760 10.871700 0.137064 0.227883 0.963993 -0.828500 0.000000 0.000000 0.000000 1.000000
0.966380 0.101852 -0.236086 0.001200 -0.129129 0.986256 -0.103081 10.871700 0.222342 0.130101 0.966249 -0.828500 0.000000 0.000000 0.000000 1.000000
0.955149 0.065896 -0.288702 0.001200 -0.069735 0.997561 -0.003020 10.871700 0.287799 0.023018 0.957414 -0.828500 0.000000 0.000000 0.000000 1.000000
0.949241 0.047120 -0.310999 0.001200 -0.033171 0.998198 0.049995 10.871700 0.312795 -0.037141 0.949094 -0.828500 0.000000 0.000000 0.000000 1.000000
0.951244 0.054201 -0.303640 0.001200 -0.038460 0.997599 0.057587 10.871700 0.306032 -0.043102 0.951045 -0.828500 0.000000 0.000000 0.000000 1.000000
0.957382 0.057627 -0.283016 0.001200 -0.051602 0.998255 0.028706 10.871700 0.284176 -0.012878 0.958686 -0.828500 0.000000 0.000000 0.000000 1.000000
0.971232 0.045275 -0.233794 0.001200 -0.054950 0.997874 -0.035033 10.871700 0.231711 0.046872 0.971655 -0.828500 0.000000 0.000000 0.000000 1.000000
0.989970 0.023316 -0.139340 0.001200 -0.040991 0.991264 -0.125357 10.871700 0.135200 0.129812 0.982278 -0.828500 0.000000 0.000000 0.000000 1.000000
0.999982 -0.005940 -0.000551 0.001200 0.005688 0.977279 -0.211881 10.871700 0.001797 0.211875 0.977295 -0.828500 0.000000 0.000000 0.000000 1.000000
0.992344 -0.021401 0.121638 0.001200 0.052649 0.964205 -0.259877 10.871700 -0.111722 0.264292 0.957950 -0.828500 0.000000 0.000000 0.000000 1.000000
0.978764 -0.015517 0.204402 0.001200 0.070373 0.961966 -0.263950 10.871700 -0.192532 0.272729 0.942630 -0.828500 0.000000 0.000000 0.000000 1.000000
0.968071 0.009345 0.250501 0.001200 0.049748 0.972266 -0.228525 10.871700 -0.245689 0.233691 0.940758 -0.828500 0.000000 0.000000 0.000000 1.000000</float_array><technique_common><accessor source="#Spine-Matrix-animation-output-transform-array" count="20" stride="16"><param type="float4x4"/></accessor></technique_common></source><source id="Spine-Interpolations"><Name_array id="Spine-Interpolations-array" count="20">
 LINEAR LINEAR LINEAR LINEAR LINEAR LINEAR LINEAR LINEAR LINEAR LINEAR LINEAR
LINEAR LINEAR LINEAR LINEAR LINEAR LINEAR LINEAR LINEAR LINEAR</Name_array><technique_common><accessor source="#Spine-Interpolations-array" count="20"><param type="name"/></accessor></technique_common></source><sampler id="Spine-Matrix-animation-transform"><input semantic="INPUT" source="#Spine-Matrix-animation-input"/><input semantic="OUTPUT" source="#Spine-Matrix-animation-output-transform"/><input semantic="INTERPOLATION" source="#Spine-Interpolations"/></sampler><channel source="#Spine-Matrix-animation-transform" target="Spine/matrix"/></animation>
    <animation id="Spine1-anim" name="Spine1"><source id="Spine1-Matrix-animation-input"><float_array id="Spine1-Matrix-animation-input-array" count="20">

0.000000 0.033333 0.066667 0.100000 0.133333 0.166667 0.200000 0.233333 0.266667 0.300000 0.333333 0.366667 0.400000 0.433333 0.466667 0.500000
0.533333 0.566667 0.600000 0.633333</float_array><technique_common><accessor source="#Spine1-Matrix-animation-input-array" count="20"><param name="TIME" type="float"/></accessor></technique_common></source><source id="Spine1-Matrix-animation-output-transform"><float_array id="Spine1-Matrix-animation-output-transform-array" count="320">

0.999243 -0.023499 0.031011 0.002200 0.021621 0.997990 0.059566 12.683700 -0.032348 -0.058850 0.997743 -0.966600 0.000000 0.000000 0.000000 1.000000
0.999175 -0.020938 0.034810 0.002200 0.019703 0.999177 0.035465 12.683700 -0.035524 -0.034750 0.998764 -0.966600 0.000000 0.000000 0.000000 1.000000
0.999249 -0.009783 0.037500 0.002200 0.009432 0.999910 0.009519 12.683700 -0.037590 -0.009158 0.999251 -0.966600 0.000000 0.000000 0.000000 1.000000
0.999255 0.003117 0.038472 0.002200 -0.003075 0.999995 -0.001151 12.683700 -0.038475 0.001032 0.999259 -0.966600 0.000000 0.000000 0.000000 1.000000
0.999478 -0.000892 0.032280 0.002200 0.000780 0.999994 0.003508 12.683700 -0.032283 -0.003481 0.999473 -0.966600 0.000000 0.000000 0.000000 1.000000
0.999529 -0.025089 0.017676 0.002200 0.024716 0.999473 0.021064 12.683700 -0.018195 -0.020618 0.999622 -0.966600 0.000000 0.000000 0.000000 1.000000
0.998625 -0.052416 0.001135 0.002200 0.052297 0.997412 0.049346 12.683700 -0.003719 -0.049219 0.998781 -0.966600 0.000000 0.000000 0.000000 1.000000
0.997510 -0.069542 -0.011704 0.002200 0.070124 0.995710 0.060369 12.683700 0.007456 -0.061039 0.998108 -0.966600 0.000000 0.000000 0.000000 1.000000
0.996741 -0.077602 -0.022023 0.002200 0.078264 0.996452 0.030966 12.683700 0.019542 -0.032589 0.999278 -0.966600 0.000000 0.000000 0.000000 1.000000
0.996902 -0.072010 -0.031625 0.002200 0.071724 0.997373 -0.010096 12.683700 0.032269 0.007797 0.999449 -0.966600 0.000000 0.000000 0.000000 1.000000
0.997688 -0.055681 -0.038977 0.002200 0.054370 0.997945 -0.033911 12.683700 0.040785 0.031713 0.998665 -0.966600 0.000000 0.000000 0.000000 1.000000
0.998006 -0.047754 -0.041273 0.002200 0.045921 0.997964 -0.044259 12.683700 0.043302 0.042275 0.998167 -0.966600 0.000000 0.000000 0.000000 1.000000
0.997777 -0.053824 -0.039295 0.002200 0.051931 0.997510 -0.047714 12.683700 0.041765 0.045567 0.998088 -0.966600 0.000000 0.000000 0.000000 1.000000
0.997266 -0.064294 -0.036413 0.002200 0.062720 0.997111 -0.042850 12.683700 0.039063 0.040449 0.998418 -0.966600 0.000000 0.000000 0.000000 1.000000
0.997285 -0.066722 -0.031153 0.002200 0.065908 0.997475 -0.026454 12.683700 0.032840 0.024329 0.999164 -0.966600 0.000000 0.000000 0.000000 1.000000
0.998528 -0.050592 -0.019534 0.002200 0.050572 0.998719 -0.001562 12.683700 0.019588 0.000571 0.999808 -0.966600 0.000000 0.000000 0.000000 1.000000
0.999602 -0.028047 -0.003074 0.002200 0.028113 0.999320 0.023874 12.683700 0.002403 -0.023951 0.999710 -0.966600 0.000000 0.000000 0.000000 1.000000
0.999750 -0.018421 0.012657 0.002200 0.017803 0.998721 0.047329 12.683700 -0.013512 -0.047092 0.998799 -0.966600 0.000000 0.000000 0.000000 1.000000
0.999506 -0.020339 0.023959 0.002200 0.018771 0.997777 0.063940 12.683700 -0.025207 -0.063459 0.997666 -0.966600 0.000000 0.000000 0.000000 1.000000
0.999243 -0.023499 0.031011 0.002200 0.021621 0.997990 0.059566 12.683700 -0.032348 -0.058850 0.997743 -0.966600 0.000000 0.000000 0.000000 1.000000</float_array><technique_common><accessor source="#Spine1-Matrix-animation-output-transform-array" count="20" stride="16"><param type="float4x4"/></accessor></technique_common></source><source id="Spine1-Interpolations"><Name_array id="Spine1-Interpolations-array" count="20">
 LINEAR LINEAR LINEAR LINEAR LINEAR LINEAR LINEAR LINEAR LINEAR LINEAR LINEAR
LINEAR LINEAR LINEAR LINEAR LINEAR LINEAR LINEAR LINEAR LINEAR</Name_array><technique_common><accessor source="#Spine1-Interpolations-array" count="20"><param type="name"/></accessor></technique_common></source><sampler id="Spine1-Matrix-animation-transform"><input semantic="INPUT" source="#Spine1-Matrix-animation-input"/><input semantic="OUTPUT" source="#Spine1-Matrix-animation-output-transform"/><input semantic="INTERPOLATION" source="#Spine1-Interpolations"/></sampler><channel source="#Spine1-Matrix-animation-transform" target="Spine1/matrix"/></animation>
    <animation id="Spine2-anim" name="Spine2"><source id="Spine2-Matrix-animation-input"><float_array id="Spine2-Matrix-animation-input-array" count="20">

0.000000 0.033333 0.066667 0.100000 0.133333 0.166667 0.200000 0.233333 0.266667 0.300000 0.333333 0.366667 0.400000 0.433333 0.466667 0.500000
0.533333 0.566667 0.600000 0.633333</float_array><technique_common><accessor source="#Spine2-Matrix-animation-input-array" count="20"><param name="TIME" type="float"/></accessor></technique_common></source><source id="Spine2-Matrix-animation-output-transform"><float_array id="Spine2-Matrix-animation-output-transform-array" count="320">

0.999290 -0.021294 0.031079 0.002500 0.019439 0.998081 0.058792 14.495600 -0.032272 -0.058146 0.997786 -1.104600 0.000000 0.000000 0.000000 1.000000
0.999221 -0.018706 0.034738 0.002500 0.017455 0.999201 0.035959 14.495600 -0.035383 -0.035325 0.998749 -1.104600 0.000000 0.000000 0.000000 1.000000
0.999258 -0.008614 0.037537 0.002500 0.008214 0.999908 0.010815 14.495600 -0.037627 -0.010499 0.999237 -1.104600 0.000000 0.000000 0.000000 1.000000
0.999260 0.003009 0.038336 0.002500 -0.002961 0.999995 -0.001298 14.495600 -0.038340 0.001184 0.999264 -1.104600 0.000000 0.000000 0.000000 1.000000
0.999489 -0.001088 0.031947 0.002500 0.001007 0.999996 0.002529 14.495600 -0.031949 -0.002496 0.999486 -1.104600 0.000000 0.000000 0.000000 1.000000
0.999557 -0.023862 0.017789 0.002500 0.023460 0.999472 0.022467 14.495600 -0.018315 -0.022040 0.999589 -1.104600 0.000000 0.000000 0.000000 1.000000
0.998673 -0.051478 0.001280 0.002500 0.051347 0.997394 0.050674 14.495600 -0.003885 -0.050541 0.998714 -1.104600 0.000000 0.000000 0.000000 1.000000
0.997414 -0.070879 -0.011865 0.002500 0.071459 0.995695 0.059037 14.495600 0.007630 -0.059733 0.998185 -1.104600 0.000000 0.000000 0.000000 1.000000
0.996714 -0.078104 -0.021468 0.002500 0.078616 0.996613 0.024145 14.495600 0.019510 -0.025754 0.999478 -1.104600 0.000000 0.000000 0.000000 1.000000
0.997044 -0.070676 -0.030134 0.002500 0.069563 0.996909 -0.036512 14.495600 0.032621 0.034308 0.998879 -1.104600 0.000000 0.000000 0.000000 1.000000
0.997841 -0.053959 -0.037451 0.002500 0.050548 0.994950 -0.086710 14.495600 0.041940 0.084630 0.995529 -1.104600 0.000000 0.000000 0.000000 1.000000
0.998209 -0.044020 -0.040515 0.002500 0.039212 0.992860 -0.112652 14.495600 0.045184 0.110862 0.992808 -1.104600 0.000000 0.000000 0.000000 1.000000
0.998012 -0.049291 -0.039274 0.002500 0.044288 0.991857 -0.119405 14.495600 0.044840 0.117428 0.992069 -1.104600 0.000000 0.000000 0.000000 1.000000
0.997474 -0.061174 -0.036089 0.002500 0.056991 0.992587 -0.107343 14.495600 0.042388 0.105015 0.993567 -1.104600 0.000000 0.000000 0.000000 1.000000
0.997507 -0.063773 -0.030218 0.002500 0.061484 0.995549 -0.071426 14.495600 0.034638 0.069390 0.996988 -1.104600 0.000000 0.000000 0.000000 1.000000
0.998568 -0.050077 -0.018819 0.002500 0.049683 0.998548 -0.020833 14.495600 0.019835 0.019868 0.999606 -1.104600 0.000000 0.000000 0.000000 1.000000
0.999509 -0.031199 -0.002786 0.002500 0.031254 0.999255 0.022655 14.495600 0.002077 -0.022731 0.999739 -1.104600 0.000000 0.000000 0.000000 1.000000
0.999697 -0.020906 0.012988 0.002500 0.020235 0.998553 0.049828 14.495600 -0.014011 -0.049551 0.998673 -1.104600 0.000000 0.000000 0.000000 1.000000
0.999507 -0.019887 0.024299 0.002500 0.018306 0.997806 0.063618 14.495600 -0.025511 -0.063142 0.997678 -1.104600 0.000000 0.000000 0.000000 1.000000
0.999290 -0.021294 0.031079 0.002500 0.019439 0.998081 0.058792 14.495600 -0.032272 -0.058146 0.997786 -1.104600 0.000000 0.000000 0.000000 1.000000</float_array><technique_common><accessor source="#Spine2-Matrix-animation-output-transform-array" count="20" stride="16"><param type="float4x4"/></accessor></technique_common></source><source id="Spine2-Interpolations"><Name_array id="Spine2-Interpolations-array" count="20">
 LINEAR LINEAR LINEAR LINEAR LINEAR LINEAR LINEAR LINEAR LINEAR LINEAR LINEAR
LINEAR LINEAR LINEAR LINEAR LINEAR LINEAR LINEAR LINEAR LINEAR</Name_array><technique_common><accessor source="#Spine2-Interpolations-array" count="20"><param type="name"/></accessor></technique_common></source><sampler id="Spine2-Matrix-animation-transform"><input semantic="INPUT" source="#Spine2-Matrix-animation-input"/><input semantic="OUTPUT" source="#Spine2-Matrix-animation-output-transform"/><input semantic="INTERPOLATION" source="#Spine2-Interpolations"/></sampler><channel source="#Spine2-Matrix-animation-transform" target="Spine2/matrix"/></animation>
    <animation id="Neck-anim" name="Neck"><source id="Neck-Matrix-animation-input"><float_array id="Neck-Matrix-animation-input-array" count="20">

0.000000 0.033333 0.066667 0.100000 0.133333 0.166667 0.200000 0.233333 0.266667 0.300000 0.333333 0.366667 0.400000 0.433333 0.466667 0.500000
0.533333 0.566667 0.600000 0.633333</float_array><technique_common><accessor source="#Neck-Matrix-animation-input-array" count="20"><param name="TIME" type="float"/></accessor></technique_common></source><source id="Neck-Matrix-animation-output-transform"><float_array id="Neck-Matrix-animation-output-transform-array" count="320">

0.997638 0.053298 -0.043326 0.002900 -0.056499 0.995476 -0.076387 16.307600 0.039059 0.078654 0.996136 -1.242700 0.000000 0.000000 0.000000 1.000000
0.997311 0.049108 -0.054405 0.002900 -0.054384 0.993483 -0.100173 16.307600 0.049131 0.102862 0.993482 -1.242700 0.000000 0.000000 0.000000 1.000000
0.997083 0.045154 -0.061533 0.002900 -0.050623 0.994615 -0.090430 16.307600 0.057118 0.093281 0.994000 -1.242700 0.000000 0.000000 0.000000 1.000000
0.996757 0.048899 -0.063912 0.002900 -0.052870 0.996675 -0.062000 16.307600 0.060668 0.065178 0.996028 -1.242700 0.000000 0.000000 0.000000 1.000000
0.995863 0.068002 -0.060279 0.002900 -0.070621 0.996600 -0.042446 16.307600 0.057188 0.046527 0.997279 -1.242700 0.000000 0.000000 0.000000 1.000000
0.994636 0.089707 -0.051491 0.002900 -0.091971 0.994814 -0.043422 16.307600 0.047329 0.047925 0.997729 -1.242700 0.000000 0.000000 0.000000 1.000000
0.994640 0.095922 -0.038607 0.002900 -0.097871 0.993827 -0.052241 16.307600 0.033358 0.055739 0.997888 -1.242700 0.000000 0.000000 0.000000 1.000000
0.996559 0.079799 -0.022407 0.002900 -0.080795 0.995585 -0.047783 16.307600 0.018495 0.049429 0.998606 -1.242700 0.000000 0.000000 0.000000 1.000000
0.998655 0.051652 -0.004504 0.002900 -0.051756 0.998294 -0.027033 16.307600 0.003100 0.027230 0.999624 -1.242700 0.000000 0.000000 0.000000 1.000000
0.999509 0.028960 0.011937 0.002900 -0.028894 0.999566 -0.005667 16.307600 -0.012096 0.005319 0.999913 -1.242700 0.000000 0.000000 0.000000 1.000000
0.999507 0.020664 0.023652 0.002900 -0.020779 0.999773 0.004617 16.307600 -0.023551 -0.005106 0.999710 -1.242700 0.000000 0.000000 0.000000 1.000000
0.999336 0.021562 0.029367 0.002900 -0.021808 0.999729 0.008093 16.307600 -0.029184 -0.008728 0.999536 -1.242700 0.000000 0.000000 0.000000 1.000000
0.999316 0.021724 0.029918 0.002900 -0.022144 0.999660 0.013776 16.307600 -0.029608 -0.014429 0.999457 -1.242700 0.000000 0.000000 0.000000 1.000000
0.999471 0.018756 0.026575 0.002900 -0.019365 0.999551 0.022874 16.307600 -0.026134 -0.023376 0.999385 -1.242700 0.000000 0.000000 0.000000 1.000000
0.999633 0.018272 0.019987 0.002900 -0.018884 0.999346 0.030853 16.307600 -0.019410 -0.031219 0.999324 -1.242700 0.000000 0.000000 0.000000 1.000000
0.999631 0.025008 0.010565 0.002900 -0.025352 0.999107 0.033806 16.307600 -0.009710 -0.034061 0.999373 -1.242700 0.000000 0.000000 0.000000 1.000000
0.999300 0.037395 -0.001129 0.002900 -0.037349 0.998912 0.027921 16.307600 0.002172 -0.027860 0.999609 -1.242700 0.000000 0.000000 0.000000 1.000000
0.998672 0.049430 -0.014514 0.002900 -0.049315 0.998750 0.008158 16.307600 0.014899 -0.007432 0.999861 -1.242700 0.000000 0.000000 0.000000 1.000000
0.998074 0.054768 -0.029129 0.002900 -0.055647 0.997992 -0.030258 16.307600 0.027414 0.031820 0.999118 -1.242700 0.000000 0.000000 0.000000 1.000000
0.997638 0.053298 -0.043326 0.002900 -0.056499 0.995476 -0.076387 16.307600 0.039059 0.078654 0.996136 -1.242700 0.000000 0.000000 0.000000 1.000000</float_array><technique_common><accessor source="#Neck-Matrix-animation-output-transform-array" count="20" stride="16"><param type="float4x4"/></accessor></technique_common></source><source id="Neck-Interpolations"><Name_array id="Neck-Interpolations-array" count="20">
 LINEAR LINEAR LINEAR LINEAR LINEAR LINEAR LINEAR LINEAR LINEAR LINEAR LINEAR
LINEAR LINEAR LINEAR LINEAR LINEAR LINEAR LINEAR LINEAR LINEAR</Name_array><technique_common><accessor source="#Neck-Interpolations-array" count="20"><param type="name"/></accessor></technique_common></source><sampler id="Neck-Matrix-animation-transform"><input semantic="INPUT" source="#Neck-Matrix-animation-input"/><input semantic="OUTPUT" source="#Neck-Matrix-animation-output-transform"/><input semantic="INTERPOLATION" source="#Neck-Interpolations"/></sampler><channel source="#Neck-Matrix-animation-transform" target="Neck/matrix"/></animation>
    <animation id="Head-anim" name="Head"><source id="Head-Matrix-animation-input"><float_array id="Head-Matrix-animation-input-array" count="20">

0.000000 0.033333 0.066667 0.100000 0.133333 0.166667 0.200000 0.233333 0.266667 0.300000 0.333333 0.366667 0.400000 0.433333 0.466667 0.500000
0.533333 0.566667 0.600000 0.633333</float_array><technique_common><accessor source="#Head-Matrix-animation-input-array" count="20"><param name="TIME" type="float"/></accessor></technique_common></source><source id="Head-Matrix-animation-output-transform"><float_array id="Head-Matrix-animation-output-transform-array" count="320">

0.993232 0.004900 -0.116040 -0.000000 0.034669 0.941052 0.336481 11.176700 0.110848 -0.338227 0.934513 5.134500 0.000000 0.000000 0.000000 1.000000
0.984829 0.005854 -0.173431 0.000000 0.047660 0.951873 0.302764 11.176700 0.166857 -0.306436 0.937153 5.134500 0.000000 0.000000 0.000000 1.000000
0.977517 0.008230 -0.210696 0.000000 0.051257 0.959990 0.275302 11.176700 0.204531 -0.279912 0.937985 5.134500 0.000000 0.000000 0.000000 1.000000
0.974699 0.004843 -0.223471 0.000000 0.057343 0.960889 0.270932 11.176700 0.216043 -0.276892 0.936299 5.134500 0.000000 0.000000 0.000000 1.000000
0.977395 -0.002644 -0.211406 -0.000000 0.064650 0.955764 0.286941 11.176700 0.201295 -0.294122 0.934330 5.134500 0.000000 0.000000 0.000000 1.000000
0.983545 -0.010657 -0.180348 0.000000 0.069123 0.944499 0.321160 11.176700 0.166916 -0.328342 0.929694 5.134500 0.000000 0.000000 0.000000 1.000000
0.990516 -0.018776 -0.136111 -0.000000 0.067429 0.929555 0.362466 11.176700 0.119717 -0.368206 0.922004 5.134500 0.000000 0.000000 0.000000 1.000000
0.997018 -0.021193 -0.074200 -0.000000 0.048622 0.919199 0.390781 11.176700 0.059923 -0.393223 0.917488 5.134500 0.000000 0.000000 0.000000 1.000000
0.999854 -0.014093 0.009654 0.000000 0.009249 0.921757 0.387658 11.176700 -0.014362 -0.387512 0.921753 5.134500 0.000000 0.000000 0.000000 1.000000
0.995111 -0.002489 0.098733 0.000000 -0.032423 0.936046 0.350381 11.176700 -0.093291 -0.351869 0.931389 5.134500 0.000000 0.000000 0.000000 1.000000
0.986898 0.006315 0.161220 0.000000 -0.054803 0.952945 0.298147 11.176700 -0.151751 -0.303076 0.940806 5.134500 0.000000 0.000000 0.000000 1.000000
0.982845 0.011978 0.184042 0.000000 -0.060791 0.963163 0.261959 11.176700 -0.174124 -0.268653 0.947368 5.134500 0.000000 0.000000 0.000000 1.000000
0.983236 0.021030 0.181120 0.000000 -0.068906 0.962521 0.262309 11.176700 -0.168815 -0.270392 0.947834 5.134500 0.000000 0.000000 0.000000 1.000000
0.985799 0.034980 0.164246 0.000000 -0.082288 0.953215 0.290879 11.176700 -0.146387 -0.300263 0.942557 5.134500 0.000000 0.000000 0.000000 1.000000
0.990290 0.045710 0.131290 0.000000 -0.085803 0.944024 0.318522 11.176700 -0.109381 -0.326694 0.938780 5.134500 0.000000 0.000000 0.000000 1.000000
0.995242 0.047105 0.085285 0.000000 -0.072656 0.942037 0.327547 11.176700 -0.064913 -0.332185 0.940978 5.134500 0.000000 0.000000 0.000000 1.000000
0.998437 0.039398 0.039638 0.000000 -0.050259 0.943151 0.328543 11.176700 -0.024441 -0.330021 0.943657 5.134500 0.000000 0.000000 0.000000 1.000000
0.999691 0.024814 -0.001696 0.000000 -0.022785 0.941003 0.337629 11.176700 0.009974 -0.337486 0.941278 5.134500 0.000000 0.000000 0.000000 1.000000
0.998552 0.010984 -0.052669 0.000000 0.008140 0.936828 0.349696 11.176700 0.053183 -0.349618 0.935382 5.134500 0.000000 0.000000 0.000000 1.000000
0.993232 0.004900 -0.116040 -0.000000 0.034669 0.941052 0.336481 11.176700 0.110848 -0.338227 0.934513 5.134500 0.000000 0.000000 0.000000 1.000000</float_array><technique_common><accessor source="#Head-Matrix-animation-output-transform-array" count="20" stride="16"><param type="float4x4"/></accessor></technique_common></source><source id="Head-Interpolations"><Name_array id="Head-Interpolations-array" count="20">
 LINEAR LINEAR LINEAR LINEAR LINEAR LINEAR LINEAR LINEAR LINEAR LINEAR LINEAR
LINEAR LINEAR LINEAR LINEAR LINEAR LINEAR LINEAR LINEAR LINEAR</Name_array><technique_common><accessor source="#Head-Interpolations-array" count="20"><param type="name"/></accessor></technique_common></source><sampler id="Head-Matrix-animation-transform"><input semantic="INPUT" source="#Head-Matrix-animation-input"/><input semantic="OUTPUT" source="#Head-Matrix-animation-output-transform"/><input semantic="INTERPOLATION" source="#Head-Interpolations"/></sampler><channel source="#Head-Matrix-animation-transform" target="Head/matrix"/></animation>
    <animation id="LeftShoulder-anim" name="LeftShoulder"><source id="LeftShoulder-Matrix-animation-input"><float_array id="LeftShoulder-Matrix-animation-input-array" count="20">

0.000000 0.033333 0.066667 0.100000 0.133333 0.166667 0.200000 0.233333 0.266667 0.300000 0.333333 0.366667 0.400000 0.433333 0.466667 0.500000
0.533333 0.566667 0.600000 0.633333</float_array><technique_common><accessor source="#LeftShoulder-Matrix-animation-input-array" count="20"><param name="TIME" type="float"/></accessor></technique_common></source><source id="LeftShoulder-Matrix-animation-output-transform"><float_array id="LeftShoulder-Matrix-animation-output-transform-array" count="320">

0.986841 0.070406 -0.145563 5.906100 -0.077768 0.995932 -0.045513 14.347000 0.141766 0.056234 0.988302 -1.216000 0.000000 0.000000 0.000000 1.000000
0.988534 0.053800 -0.141087 5.906100 -0.060558 0.997192 -0.044048 14.347000 0.138321 0.052087 0.989017 -1.216000 0.000000 0.000000 0.000000 1.000000
0.989275 0.044042 -0.139270 5.906100 -0.050527 0.997780 -0.043376 14.347000 0.137050 0.049947 0.989304 -1.216000 0.000000 0.000000 0.000000 1.000000
0.986466 0.065704 -0.150227 5.906100 -0.073428 0.996218 -0.046457 14.347000 0.146606 0.056859 0.987559 -1.216000 0.000000 0.000000 0.000000 1.000000
0.977953 0.115575 -0.173926 5.906100 -0.126446 0.990570 -0.052742 14.347000 0.166190 0.073571 0.983345 -1.216000 0.000000 0.000000 0.000000 1.000000
0.967593 0.154646 -0.199618 5.906100 -0.169413 0.983775 -0.059042 14.347000 0.187249 0.090946 0.978093 -1.216000 0.000000 0.000000 0.000000 1.000000
0.962211 0.169105 -0.213432 5.906100 -0.186139 0.980548 -0.062267 14.347000 0.198751 0.099642 0.974972 -1.216000 0.000000 0.000000 0.000000 1.000000
0.970845 0.151556 -0.185716 5.906100 -0.164555 0.984742 -0.056613 14.347000 0.174302 0.085523 0.980971 -1.216000 0.000000 0.000000 0.000000 1.000000
0.985913 0.110277 -0.125756 5.906100 -0.116479 0.992260 -0.043055 14.347000 0.120035 0.057096 0.991126 -1.216000 0.000000 0.000000 0.000000 1.000000
0.995891 0.057968 -0.069571 5.906100 -0.060155 0.997745 -0.029766 14.347000 0.067688 0.033829 0.997133 -1.216000 0.000000 0.000000 0.000000 1.000000
0.999256 0.023104 -0.030879 5.906100 -0.023736 0.999513 -0.020248 14.347000 0.030396 0.020966 0.999318 -1.216000 0.000000 0.000000 0.000000 1.000000
0.999456 0.023370 -0.023270 5.906100 -0.023807 0.999542 -0.018674 14.347000 0.022823 0.019217 0.999555 -1.216000 0.000000 0.000000 0.000000 1.000000
0.998403 0.036148 -0.043425 5.906100 -0.037191 0.999033 -0.023441 14.347000 0.042535 0.025019 0.998782 -1.216000 0.000000 0.000000 0.000000 1.000000
0.995785 0.053843 -0.074248 5.906100 -0.056252 0.997943 -0.030743 14.347000 0.072440 0.034790 0.996766 -1.216000 0.000000 0.000000 0.000000 1.000000
0.991910 0.075160 -0.102304 5.906100 -0.079302 0.996162 -0.037035 14.347000 0.099128 0.044848 0.994064 -1.216000 0.000000 0.000000 0.000000 1.000000
0.987924 0.090816 -0.125536 5.906100 -0.096771 0.994413 -0.042166 14.347000 0.121005 0.053805 0.991193 -1.216000 0.000000 0.000000 0.000000 1.000000
0.982275 0.107736 -0.153391 5.906100 -0.116410 0.992006 -0.048709 14.347000 0.146917 0.065701 0.986964 -1.216000 0.000000 0.000000 0.000000 1.000000
0.979247 0.114028 -0.167550 5.906100 -0.124250 0.990897 -0.051813 14.347000 0.160117 0.071556 0.984501 -1.216000 0.000000 0.000000 0.000000 1.000000
0.983700 0.091595 -0.154738 5.906100 -0.100152 0.993793 -0.048422 14.347000 0.149343 0.063131 0.986768 -1.216000 0.000000 0.000000 0.000000 1.000000
0.986841 0.070406 -0.145563 5.906100 -0.077768 0.995932 -0.045513 14.347000 0.141766 0.056234 0.988302 -1.216000 0.000000 0.000000 0.000000 1.000000</float_array><technique_common><accessor source="#LeftShoulder-Matrix-animation-output-transform-array" count="20" stride="16"><param type="float4x4"/></accessor></technique_common></source><source id="LeftShoulder-Interpolations"><Name_array id="LeftShoulder-Interpolations-array" count="20">
 LINEAR LINEAR LINEAR LINEAR LINEAR LINEAR LINEAR LINEAR LINEAR LINEAR LINEAR
LINEAR LINEAR LINEAR LINEAR LINEAR LINEAR LINEAR LINEAR LINEAR</Name_array><technique_common><accessor source="#LeftShoulder-Interpolations-array" count="20"><param type="name"/></accessor></technique_common></source><sampler id="LeftShoulder-Matrix-animation-transform"><input semantic="INPUT" source="#LeftShoulder-Matrix-animation-input"/><input semantic="OUTPUT" source="#LeftShoulder-Matrix-animation-output-transform"/><input semantic="INTERPOLATION" source="#LeftShoulder-Interpolations"/></sampler><channel source="#LeftShoulder-Matrix-animation-transform" target="LeftShoulder/matrix"/></animation>
    <animation id="LeftArm-anim" name="LeftArm"><source id="LeftArm-Matrix-animation-input"><float_array id="LeftArm-Matrix-animation-input-array" count="20">

0.000000 0.033333 0.066667 0.100000 0.133333 0.166667 0.200000 0.233333 0.266667 0.300000 0.333333 0.366667 0.400000 0.433333 0.466667 0.500000
0.533333 0.566667 0.600000 0.633333</float_array><technique_common><accessor source="#LeftArm-Matrix-animation-input-array" count="20"><param name="TIME" type="float"/></accessor></technique_common></source><source id="LeftArm-Matrix-animation-output-transform"><float_array id="LeftArm-Matrix-animation-output-transform-array" count="320">

0.430063 0.900489 0.064546 12.269700 -0.403096 0.255503 -0.878767 -2.054600 -0.807811 0.351907 0.472866 0.053500 0.000000 0.000000 0.000000 1.000000
0.431797 0.890890 0.140949 12.269700 -0.271039 0.277205 -0.921789 -2.054600 -0.860285 0.359823 0.361162 0.053500 0.000000 0.000000 0.000000 1.000000
0.404379 0.895701 0.184925 12.269700 -0.267638 0.309233 -0.912548 -2.054600 -0.874555 0.319523 0.364771 0.053500 0.000000 0.000000 0.000000 1.000000
0.373880 0.904585 0.204793 12.269700 -0.384032 0.351977 -0.853599 -2.054600 -0.844235 0.240497 0.478986 0.053500 0.000000 0.000000 0.000000 1.000000
0.355744 0.911169 0.207887 12.269700 -0.545583 0.383072 -0.745383 -2.054600 -0.758805 0.151746 0.633394 0.053500 0.000000 0.000000 0.000000 1.000000
0.368928 0.913765 0.170077 12.269700 -0.687497 0.391422 -0.611667 -2.054600 -0.625491 0.108734 0.772617 0.053500 0.000000 0.000000 0.000000 1.000000
0.428385 0.899976 0.080810 12.269700 -0.801407 0.419728 -0.426117 -2.054600 -0.417413 0.117780 0.901052 0.053500 0.000000 0.000000 0.000000 1.000000
0.484126 0.873342 -0.053815 12.269700 -0.871444 0.475708 -0.119528 -2.054600 -0.078789 0.104763 0.991371 0.053500 0.000000 0.000000 0.000000 1.000000
0.485906 0.859071 -0.160909 12.269700 -0.817428 0.511846 0.264243 -2.054600 0.309364 0.003134 0.950938 0.053500 0.000000 0.000000 0.000000 1.000000
0.505001 0.840692 -0.195478 12.269700 -0.659290 0.521889 0.541266 -2.054600 0.557056 -0.144463 0.817814 0.053500 0.000000 0.000000 0.000000 1.000000
0.561448 0.795230 -0.228877 12.269700 -0.524737 0.556000 0.644604 -2.054600 0.639865 -0.241811 0.729452 0.053500 0.000000 0.000000 0.000000 1.000000
0.599535 0.745757 -0.290525 12.269700 -0.475290 0.623809 0.620453 -2.054600 0.643939 -0.233900 0.728446 0.053500 0.000000 0.000000 0.000000 1.000000
0.596317 0.732935 -0.327431 12.269700 -0.559745 0.672013 0.484855 -2.054600 0.575406 -0.105849 0.810990 0.053500 0.000000 0.000000 0.000000 1.000000
0.554766 0.774755 -0.303298 12.269700 -0.742387 0.625526 0.239957 -2.054600 0.375629 0.092045 0.922188 0.053500 0.000000 0.000000 0.000000 1.000000
0.484992 0.837404 -0.252067 12.269700 -0.870615 0.489538 -0.048798 -2.054600 0.082533 0.243121 0.966479 0.053500 0.000000 0.000000 0.000000 1.000000
0.430878 0.885182 -0.175488 12.269700 -0.882206 0.372270 -0.288319 -2.054600 -0.189886 0.279047 0.941316 0.053500 0.000000 0.000000 0.000000 1.000000
0.395283 0.915764 -0.071613 12.269700 -0.827434 0.321130 -0.460682 -2.054600 -0.398878 0.241355 0.884672 0.053500 0.000000 0.000000 0.000000 1.000000
0.369338 0.929248 -0.009330 12.269700 -0.740614 0.288269 -0.606953 -2.054600 -0.561320 0.231081 0.794683 0.053500 0.000000 0.000000 0.000000 1.000000
0.391076 0.920343 0.005240 12.269700 -0.594466 0.256941 -0.761966 -2.054600 -0.702617 0.294872 0.647596 0.053500 0.000000 0.000000 0.000000 1.000000
0.430063 0.900489 0.064546 12.269700 -0.403096 0.255503 -0.878767 -2.054600 -0.807811 0.351907 0.472866 0.053500 0.000000 0.000000 0.000000 1.000000</float_array><technique_common><accessor source="#LeftArm-Matrix-animation-output-transform-array" count="20" stride="16"><param type="float4x4"/></accessor></technique_common></source><source id="LeftArm-Interpolations"><Name_array id="LeftArm-Interpolations-array" count="20">
 LINEAR LINEAR LINEAR LINEAR LINEAR LINEAR LINEAR LINEAR LINEAR LINEAR LINEAR
LINEAR LINEAR LINEAR LINEAR LINEAR LINEAR LINEAR LINEAR LINEAR</Name_array><technique_common><accessor source="#LeftArm-Interpolations-array" count="20"><param type="name"/></accessor></technique_common></source><sampler id="LeftArm-Matrix-animation-transform"><input semantic="INPUT" source="#LeftArm-Matrix-animation-input"/><input semantic="OUTPUT" source="#LeftArm-Matrix-animation-output-transform"/><input semantic="INTERPOLATION" source="#LeftArm-Interpolations"/></sampler><channel source="#LeftArm-Matrix-animation-transform" target="LeftArm/matrix"/></animation>
    <animation id="LeftForeArm-anim" name="LeftForeArm"><source id="LeftForeArm-Matrix-animation-input"><float_array id="LeftForeArm-Matrix-animation-input-array" count="20">

0.000000 0.033333 0.066667 0.100000 0.133333 0.166667 0.200000 0.233333 0.266667 0.300000 0.333333 0.366667 0.400000 0.433333 0.466667 0.500000
0.533333 0.566667 0.600000 0.633333</float_array><technique_common><accessor source="#LeftForeArm-Matrix-animation-input-array" count="20"><param name="TIME" type="float"/></accessor></technique_common></source><source id="LeftForeArm-Matrix-animation-output-transform"><float_array id="LeftForeArm-Matrix-animation-output-transform-array" count="320">

0.302358 0.000019 -0.953194 27.894699 -0.000019 1.000000 0.000014 -0.000400 0.953194 0.000014 0.302358 -0.001200 0.000000 0.000000 0.000000 1.000000
0.147395 0.000017 -0.989078 27.894699 -0.000016 1.000000 0.000015 -0.000400 0.989078 0.000014 0.147395 -0.001200 0.000000 0.000000 0.000000 1.000000
0.131960 0.000016 -0.991255 27.894699 -0.000016 1.000000 0.000014 -0.000400 0.991255 0.000014 0.131960 -0.001200 0.000000 0.000000 0.000000 1.000000
0.213524 0.000017 -0.976938 27.894699 -0.000017 1.000000 0.000014 -0.000400 0.976938 0.000014 0.213524 -0.001200 0.000000 0.000000 0.000000 1.000000
0.237625 0.000018 -0.971357 27.894699 -0.000017 1.000000 0.000014 -0.000400 0.971357 0.000014 0.237625 -0.001200 0.000000 0.000000 0.000000 1.000000
0.141441 0.000016 -0.989947 27.894699 -0.000016 1.000000 0.000014 -0.000400 0.989947 0.000014 0.141441 -0.001200 0.000000 0.000000 0.000000 1.000000
-0.058405 0.000015 -0.998293 27.894699 -0.000013 1.000000 0.000016 -0.000400 0.998293 0.000014 -0.058405 -0.001200 0.000000 0.000000 0.000000 1.000000
-0.226090 0.000012 -0.974106 27.894699 -0.000011 1.000000 0.000015 -0.000400 0.974106 0.000014 -0.226090 -0.001200 0.000000 0.000000 0.000000 1.000000
-0.238079 0.000011 -0.971246 27.894699 -0.000011 1.000000 0.000014 -0.000400 0.971246 0.000014 -0.238079 -0.001200 0.000000 0.000000 0.000000 1.000000
-0.178303 0.000012 -0.983976 27.894699 -0.000011 1.000000 0.000014 -0.000400 0.983976 0.000014 -0.178303 -0.001200 0.000000 0.000000 0.000000 1.000000
-0.232209 0.000011 -0.972666 27.894699 -0.000011 1.000000 0.000014 -0.000400 0.972666 0.000014 -0.232209 -0.001200 0.000000 0.000000 0.000000 1.000000
-0.379131 0.000008 -0.925343 27.894699 -0.000009 1.000000 0.000013 -0.000400 0.925343 0.000013 -0.379131 -0.001200 0.000000 0.000000 0.000000 1.000000
-0.463896 0.000008 -0.885890 27.894699 -0.000007 1.000000 0.000013 -0.000400 0.885890 0.000012 -0.463896 -0.001200 0.000000 0.000000 0.000000 1.000000
-0.435153 0.000009 -0.900356 27.894699 -0.000008 1.000000 0.000013 -0.000400 0.900356 0.000013 -0.435153 -0.001200 0.000000 0.000000 0.000000 1.000000
-0.311561 0.000010 -0.950226 27.894699 -0.000010 1.000000 0.000014 -0.000400 0.950226 0.000013 -0.311561 -0.001200 0.000000 0.000000 0.000000 1.000000
-0.092614 0.000013 -0.995702 27.894699 -0.000013 1.000000 0.000014 -0.000400 0.995702 0.000014 -0.092614 -0.001200 0.000000 0.000000 0.000000 1.000000
