<?xml version="1.0" encoding="utf-8"?>
<COLLADA xmlns="http://www.collada.org/2005/11/COLLADASchema" version="1.4.1">
  <asset><contributor><author>Mixamo</author><authoring_tool>COLLADA Mixamo exporter</authoring_tool><comments></comments></contributor><created>2018-10-03T11:34:48Z</created><modified>2018-10-03T11:34:48Z</modified><revision></revision><title></title><unit meter="0.010000"/><up_axis>Y_UP</up_axis></asset>
  <library_animations>
    <animation id="mixamorig_Hips-anim" name="mixamorig_Hips"><source id="mixamorig_Hips-Matrix-animation-input"><float_array id="mixamorig_Hips-Matrix-animation-input-array" count="32">

0.000000 0.033333 0.066667 0.100000 0.133333 0.166667 0.200000 0.233333 0.266667 0.300000 0.333333 0.366667 0.400000 0.433333 0.466667 0.500000
0.533333 0.566667 0.600000 0.633333 0.666667 0.700000 0.733333 0.766667 0.800000 0.833333 0.866667 0.900000 0.933333 0.966667 1.000000 1.033333</float_array><technique_common><accessor source="#mixamorig_Hips-Matrix-animation-input-array" count="32"><param name="TIME" type="float"/></accessor></technique_common></source><source id="mixamorig_Hips-Matrix-animation-output-transform"><float_array id="mixamorig_Hips-Matrix-animation-output-transform-array" count="512">

0.999433 0.004768 0.033343 0.023925 -0.003638 0.999420 -0.033850 87.833481 -0.033485 0.033709 0.998871 -0.072169 0.000000 0.000000 0.000000 1.000000
0.999713 -0.002117 0.023852 0.127645 0.003172 0.999015 -0.044260 88.495506 -0.023735 0.044323 0.998735 3.852849 0.000000 0.000000 0.000000 1.000000
0.999913 -0.000629 0.013188 0.295774 0.001360 0.998457 -0.055519 88.521004 -0.013133 0.055532 0.998371 7.716210 0.000000 0.000000 0.000000 1.000000
0.999712 0.022959 -0.007047 0.561987 -0.023359 0.997720 -0.063316 87.814011 0.005577 0.063462 0.997969 11.716071 0.000000 0.000000 0.000000 1.000000
0.998286 0.047869 -0.033664 0.804180 -0.050014 0.996562 -0.066046 86.588989 0.030387 0.067617 0.997249 16.031517 0.000000 0.000000 0.000000 1.000000
0.996920 0.057784 -0.053017 1.054209 -0.061379 0.995734 -0.068894 85.243698 0.048810 0.071936 0.996214 20.541641 0.000000 0.000000 0.000000 1.000000
0.996454 0.055539 -0.063205 1.360740 -0.059889 0.995807 -0.069148 84.195633 0.059100 0.072688 0.995602 25.140779 0.000000 0.000000 0.000000 1.000000
0.997431 0.041659 -0.058271 1.736742 -0.044750 0.997603 -0.052787 83.419228 0.055932 0.055259 0.996904 30.284697 0.000000 0.000000 0.000000 1.000000
0.998310 0.033439 -0.047533 2.312743 -0.035351 0.998575 -0.039973 83.025253 0.046129 0.041586 0.998070 35.992931 0.000000 0.000000 0.000000 1.000000
0.998926 0.027185 -0.037530 2.952606 -0.028258 0.999199 -0.028349 82.826477 0.036730 0.029379 0.998893 41.531372 0.000000 0.000000 0.000000 1.000000
0.999466 0.017935 -0.027309 3.518441 -0.018431 0.999668 -0.017999 82.542885 0.026978 0.018493 0.999465 46.565254 0.000000 0.000000 0.000000 1.000000
0.999839 0.006194 -0.016829 3.984507 -0.006345 0.999940 -0.008968 82.369942 0.016773 0.009074 0.999818 51.048683 0.000000 0.000000 0.000000 1.000000
0.999987 -0.002159 -0.004570 4.309787 0.002153 0.999997 -0.001287 82.703117 0.004572 0.001277 0.999989 55.302402 0.000000 0.000000 0.000000 1.000000
0.999920 -0.008685 0.009224 4.390136 0.008639 0.999950 0.005060 83.609329 -0.009267 -0.004980 0.999945 59.397999 0.000000 0.000000 0.000000 1.000000
0.999612 -0.014475 0.023812 4.252387 0.014238 0.999848 0.010081 84.737183 -0.023954 -0.009738 0.999666 63.421799 0.000000 0.000000 0.000000 1.000000
0.999077 -0.018407 0.038816 3.956595 0.017884 0.999745 0.013792 85.786926 -0.039059 -0.013085 0.999151 67.601288 0.000000 0.000000 0.000000 1.000000
0.998339 -0.020881 0.053705 3.688403 0.020166 0.999701 0.013816 86.707550 -0.053977 -0.012710 0.998461 71.877968 0.000000 0.000000 0.000000 1.000000
0.997469 -0.022400 0.067482 3.462623 0.021811 0.999717 0.009458 87.200783 -0.067675 -0.007962 0.997676 76.072716 0.000000 0.000000 0.000000 1.000000
0.996510 -0.024198 0.079892 3.225637 0.024303 0.999705 -0.000343 87.188843 -0.079860 0.002283 0.996803 80.226639 0.000000 0.000000 0.000000 1.000000
0.994474 -0.039068 0.097439 2.878115 0.040518 0.999095 -0.012943 86.844780 -0.096845 0.016819 0.995157 84.546310 0.000000 0.000000 0.000000 1.000000
0.991803 -0.052668 0.116418 2.511124 0.056127 0.998068 -0.026634 86.043030 -0.114790 0.032950 0.992843 89.119904 0.000000 0.000000 0.000000 1.000000
0.990224 -0.058636 0.126562 2.150878 0.064460 0.997019 -0.042415 85.062119 -0.123697 0.050159 0.991052 93.682671 0.000000 0.000000 0.000000 1.000000
0.990442 -0.054153 0.126856 1.681239 0.060296 0.997161 -0.045096 84.012497 -0.124054 0.052314 0.990896 98.543549 0.000000 0.000000 0.000000 1.000000
0.992697 -0.034058 0.115725 1.155782 0.037857 0.998809 -0.030791 83.261848 -0.114538 0.034947 0.992804 103.826042 0.000000 0.000000 0.000000 1.000000
0.994318 -0.022231 0.104106 0.600234 0.025104 0.999337 -0.026363 82.836700 -0.103451 0.028827 0.994217 109.253304 0.000000 0.000000 0.000000 1.000000
0.995541 -0.011847 0.093586 0.045550 0.014270 0.999579 -0.025267 82.563858 -0.093247 0.026490 0.995291 114.301857 0.000000 0.000000 0.000000 1.000000
0.996460 -0.001015 0.084067 -0.522206 0.003278 0.999636 -0.026779 82.596741 -0.084009 0.026960 0.996100 118.765587 0.000000 0.000000 0.000000 1.000000
0.997207 0.005711 0.074463 -0.926238 -0.003499 0.999550 -0.029799 83.028069 -0.074600 0.029455 0.996778 122.649834 0.000000 0.000000 0.000000 1.000000
0.997917 0.008157 0.063998 -0.979326 -0.006041 0.999431 -0.033186 83.985474 -0.064233 0.032730 0.997398 126.379868 0.000000 0.000000 0.000000 1.000000
0.998541 0.008476 0.053337 -0.714090 -0.006571 0.999338 -0.035782 85.263664 -0.053605 0.035380 0.997935 130.169754 0.000000 0.000000 0.000000 1.000000
0.999053 0.006969 0.042944 -0.321404 -0.005406 0.999322 -0.036406 86.634872 -0.043168 0.036139 0.998414 133.867554 0.000000 0.000000 0.000000 1.000000
0.999433 0.004768 0.033343 0.023925 -0.003638 0.999420 -0.033850 87.833481 -0.033485 0.033709 0.998871 137.429047 0.000000 0.000000 0.000000 1.000000</float_array><technique_common><accessor source="#mixamorig_Hips-Matrix-animation-output-transform-array" count="32" stride="16"><param type="float4x4"/></accessor></technique_common></source><source id="mixamorig_Hips-Interpolations"><Name_array id="mixamorig_Hips-Interpolations-array" count="32">
 LINEAR LINEAR LINEAR LINEAR LINEAR LINEAR LINEAR LINEAR LINEAR LINEAR LINEAR
LINEAR LINEAR LINEAR LINEAR LINEAR LINEAR LINEAR LINEAR LINEAR LINEAR LINEAR LINEAR
LINEAR LINEAR LINEAR LINEAR LINEAR LINEAR LINEAR LINEAR LINEAR</Name_array><technique_common><accessor source="#mixamorig_Hips-Interpolations-array" count="32"><param type="name"/></accessor></technique_common></source><sampler id="mixamorig_Hips-Matrix-animation-transform"><input semantic="INPUT" source="#mixamorig_Hips-Matrix-animation-input"/><input semantic="OUTPUT" source="#mixamorig_Hips-Matrix-animation-output-transform"/><input semantic="INTERPOLATION" source="#mixamorig_Hips-Interpolations"/></sampler><channel source="#mixamorig_Hips-Matrix-animation-transform" target="mixamorig_Hips/matrix"/></animation>
    <animation id="mixamorig_Spine-anim" name="mixamorig_Spine"><source id="mixamorig_Spine-Matrix-animation-input"><float_array id="mixamorig_Spine-Matrix-animation-input-array" count="32">

0.000000 0.033333 0.066667 0.100000 0.133333 0.166667 0.200000 0.233333 0.266667 0.300000 0.333333 0.366667 0.400000 0.433333 0.466667 0.500000
0.533333 0.566667 0.600000 0.633333 0.666667 0.700000 0.733333 0.766667 0.800000 0.833333 0.866667 0.900000 0.933333 0.966667 1.000000 1.033333</float_array><technique_common><accessor source="#mixamorig_Spine-Matrix-animation-input-array" count="32"><param name="TIME" type="float"/></accessor></technique_common></source><source id="mixamorig_Spine-Matrix-animation-output-transform"><float_array id="mixamorig_Spine-Matrix-animation-output-transform-array" count="512">

0.999762 -0.002711 -0.021669 0.005100 0.000365 0.994199 -0.107559 8.712000 0.021835 0.107526 0.993962 -0.691000 0.000000 0.000000 0.000000 1.000000
0.999971 0.005245 -0.005532 0.005100 -0.005775 0.994906 -0.100643 8.712000 0.004976 0.100672 0.994907 -0.691000 0.000000 0.000000 0.000000 1.000000
0.999932 -0.001726 0.011508 0.005100 0.002789 0.995663 -0.092994 8.712000 -0.011298 0.093019 0.995600 -0.691000 0.000000 0.000000 0.000000 1.000000
0.998453 -0.039437 0.039205 0.005100 0.042597 0.995609 -0.083353 8.712000 -0.035746 0.084894 0.995749 -0.691000 0.000000 0.000000 0.000000 1.000000
0.995505 -0.071162 0.062488 0.005100 0.075568 0.994594 -0.071225 8.712000 -0.057082 0.075627 0.995501 -0.691000 0.000000 0.000000 0.000000 1.000000
0.994805 -0.075418 0.068376 0.005100 0.079673 0.994904 -0.061800 8.712000 -0.063367 0.066926 0.995744 -0.691000 0.000000 0.000000 0.000000 1.000000
0.995458 -0.061468 0.072700 0.005100 0.065993 0.995919 -0.061570 8.712000 -0.068619 0.066088 0.995452 -0.691000 0.000000 0.000000 0.000000 1.000000
0.996625 -0.032863 0.075230 0.005100 0.038135 0.996836 -0.069740 8.712000 -0.072700 0.072373 0.994724 -0.691000 0.000000 0.000000 0.000000 1.000000
0.997264 -0.012060 0.072928 0.005100 0.016610 0.997931 -0.062106 8.712000 -0.072028 0.063147 0.995402 -0.691000 0.000000 0.000000 0.000000 1.000000
0.997635 0.009711 0.068038 0.005100 -0.005626 0.998184 -0.059977 8.712000 -0.068497 0.059452 0.995878 -0.691000 0.000000 0.000000 0.000000 1.000000
0.997418 0.022804 0.068093 0.005100 -0.018401 0.997742 -0.064595 8.712000 -0.069412 0.063176 0.995586 -0.691000 0.000000 0.000000 0.000000 1.000000
0.997957 0.029556 0.056644 0.005100 -0.025534 0.997187 -0.070469 8.712000 -0.058567 0.068879 0.995904 -0.691000 0.000000 0.000000 0.000000 1.000000
0.999342 0.027302 0.023894 0.005100 -0.025395 0.996726 -0.076760 8.712000 -0.025911 0.076103 0.996763 -0.691000 0.000000 0.000000 0.000000 1.000000
0.999683 0.022876 -0.010541 0.005100 -0.023675 0.996244 -0.083287 8.712000 0.008596 0.083511 0.996470 -0.691000 0.000000 0.000000 0.000000 1.000000
0.999146 0.021968 -0.035007 0.005100 -0.024966 0.995841 -0.087618 8.712000 0.032936 0.088417 0.995539 -0.691000 0.000000 0.000000 0.000000 1.000000
0.998081 0.026964 -0.055736 0.005100 -0.031724 0.995758 -0.086374 8.712000 0.053170 0.087977 0.994702 -0.691000 0.000000 0.000000 0.000000 1.000000
0.996648 0.029919 -0.076142 0.005100 -0.036284 0.995837 -0.083625 8.712000 0.073323 0.086107 0.993584 -0.691000 0.000000 0.000000 0.000000 1.000000
0.995138 0.030818 -0.093540 0.005100 -0.038853 0.995595 -0.085329 8.712000 0.090499 0.088548 0.991952 -0.691000 0.000000 0.000000 0.000000 1.000000
0.993701 0.035386 -0.106332 0.005100 -0.044602 0.995332 -0.085583 8.712000 0.102807 0.089786 0.990641 -0.691000 0.000000 0.000000 0.000000 1.000000
0.990487 0.061550 -0.123072 0.005100 -0.071420 0.994434 -0.077461 8.712000 0.117620 0.085514 0.989370 -0.691000 0.000000 0.000000 0.000000 1.000000
0.987634 0.082731 -0.133174 0.005100 -0.091827 0.993738 -0.063664 8.712000 0.127073 0.075106 0.989046 -0.691000 0.000000 0.000000 0.000000 1.000000
0.988401 0.081647 -0.128048 0.005100 -0.089155 0.994551 -0.054036 8.712000 0.122939 0.064826 0.990295 -0.691000 0.000000 0.000000 0.000000 1.000000
0.990739 0.067521 -0.117803 0.005100 -0.074787 0.995489 -0.058383 8.712000 0.113329 0.066652 0.991319 -0.691000 0.000000 0.000000 0.000000 1.000000
0.993633 0.036985 -0.106422 0.005100 -0.044885 0.996334 -0.072828 8.712000 0.103338 0.077141 0.991650 -0.691000 0.000000 0.000000 0.000000 1.000000
0.993874 0.012873 -0.109766 0.005100 -0.020881 0.997177 -0.072119 8.712000 0.108528 0.073970 0.991338 -0.691000 0.000000 0.000000 0.000000 1.000000
0.992525 0.002507 -0.122014 0.005100 -0.010915 0.997606 -0.068291 8.712000 0.121551 0.069112 0.990176 -0.691000 0.000000 0.000000 0.000000 1.000000
0.993201 -0.000896 -0.116406 0.005100 -0.006931 0.997741 -0.066816 8.712000 0.116203 0.067169 0.990952 -0.691000 0.000000 0.000000 0.000000 1.000000
0.996020 0.001725 -0.089116 0.005100 -0.008397 0.997182 -0.074553 8.712000 0.088737 0.075004 0.993227 -0.691000 0.000000 0.000000 0.000000 1.000000
0.998097 0.003941 -0.061539 0.005100 -0.009043 0.996520 -0.082862 8.712000 0.060998 0.083260 0.994659 -0.691000 0.000000 0.000000 0.000000 1.000000
0.999063 0.002051 -0.043237 0.005100 -0.005800 0.996214 -0.086747 8.712000 0.042896 0.086916 0.995292 -0.691000 0.000000 0.000000 0.000000 1.000000
0.999524 -0.000731 -0.030829 0.005100 -0.002161 0.995600 -0.093679 8.712000 0.030762 0.093701 0.995125 -0.691000 0.000000 0.000000 0.000000 1.000000
0.999762 -0.002711 -0.021669 0.005100 0.000365 0.994199 -0.107559 8.712000 0.021835 0.107526 0.993962 -0.691000 0.000000 0.000000 0.000000 1.000000</float_array><technique_common><accessor source="#mixamorig_Spine-Matrix-animation-output-transform-array" count="32" stride="16"><param type="float4x4"/></accessor></technique_common></source><source id="mixamorig_Spine-Interpolations"><Name_array id="mixamorig_Spine-Interpolations-array" count="32">
 LINEAR LINEAR LINEAR LINEAR LINEAR LINEAR LINEAR LINEAR LINEAR LINEAR LINEAR
LINEAR LINEAR LINEAR LINEAR LINEAR LINEAR LINEAR LINEAR LINEAR LINEAR LINEAR LINEAR
LINEAR LINEAR LINEAR LINEAR LINEAR LINEAR LINEAR LINEAR LINEAR</Name_array><technique_common><accessor source="#mixamorig_Spine-Interpolations-array" count="32"><param type="name"/></accessor></technique_common></source><sampler id="mixamorig_Spine-Matrix-animation-transform"><input semantic="INPUT" source="#mixamorig_Spine-Matrix-animation-input"/><input semantic="OUTPUT" source="#mixamorig_Spine-Matrix-animation-output-transform"/><input semantic="INTERPOLATION" source="#mixamorig_Spine-Interpolations"/></sampler><channel source="#mixamorig_Spine-Matrix-animation-transform" target="mixamorig_Spine/matrix"/></animation>
    <animation id="mixamorig_Spine1-anim" name="mixamorig_Spine1"><source id="mixamorig_Spine1-Matrix-animation-input"><float_array id="mixamorig_Spine1-Matrix-animation-input-array" count="32">

0.000000 0.033333 0.066667 0.100000 0.133333 0.166667 0.200000 0.233333 0.266667 0.300000 0.333333 0.366667 0.400000 0.433333 0.466667 0.500000
0.533333 0.566667 0.600000 0.633333 0.666667 0.700000 0.733333 0.766667 0.800000 0.833333 0.866667 0.900000 0.933333 0.966667 1.000000 1.033333</float_array><technique_common><accessor source="#mixamorig_Spine1-Matrix-animation-input-array" count="32"><param name="TIME" type="float"/></accessor></technique_common></source><source id="mixamorig_Spine1-Matrix-animation-output-transform"><float_array id="mixamorig_Spine1-Matrix-animation-output-transform-array" count="512">

0.998877 -0.021488 -0.042215 -0.009200 0.019647 0.998858 -0.043549 8.660300 0.043103 0.042670 0.998159 -1.275000 0.000000 0.000000 0.000000 1.000000
0.999414 -0.011801 -0.032122 -0.009200 0.010546 0.999185 -0.038965 8.660300 0.032556 0.038603 0.998724 -1.275000 0.000000 0.000000 0.000000 1.000000
0.999764 0.000591 -0.021709 -0.009200 -0.001354 0.999382 -0.035128 8.660300 0.021675 0.035150 0.999147 -1.275000 0.000000 0.000000 0.000000 1.000000
0.999771 0.018103 -0.011382 -0.009200 -0.018481 0.999250 -0.034039 8.660300 0.010758 0.034241 0.999356 -1.275000 0.000000 0.000000 0.000000 1.000000
0.999523 0.030890 0.000516 -0.009200 -0.030853 0.998911 -0.034993 8.660300 -0.001597 0.034961 0.999387 -1.275000 0.000000 0.000000 0.000000 1.000000
0.999336 0.033079 0.015279 -0.009200 -0.032528 0.998857 -0.035021 8.660300 -0.016420 0.034501 0.999270 -1.275000 0.000000 0.000000 0.000000 1.000000
0.999084 0.030720 0.029802 -0.009200 -0.029658 0.998931 -0.035444 8.660300 -0.030859 0.034528 0.998927 -1.275000 0.000000 0.000000 0.000000 1.000000
0.998768 0.029010 0.040255 -0.009200 -0.027522 0.998935 -0.037021 8.660300 -0.041286 0.035867 0.998503 -1.275000 0.000000 0.000000 0.000000 1.000000
0.998661 0.025117 0.045220 -0.009200 -0.023603 0.999153 -0.033702 8.660300 -0.046028 0.032590 0.998408 -1.275000 0.000000 0.000000 0.000000 1.000000
0.998998 0.013644 0.042636 -0.009200 -0.012543 0.999584 -0.025982 8.660300 -0.042973 0.025421 0.998753 -1.275000 0.000000 0.000000 0.000000 1.000000
0.999347 0.012356 0.033947 -0.009200 -0.011604 0.999685 -0.022242 8.660300 -0.034211 0.021833 0.999176 -1.275000 0.000000 0.000000 0.000000 1.000000
0.999562 0.012609 0.026772 -0.009200 -0.012006 0.999673 -0.022560 8.660300 -0.027048 0.022228 0.999387 -1.275000 0.000000 0.000000 0.000000 1.000000
0.999796 0.009744 0.017680 -0.009200 -0.009276 0.999609 -0.026383 8.660300 -0.017930 0.026213 0.999496 -1.275000 0.000000 0.000000 0.000000 1.000000
0.999977 0.006712 0.000963 -0.009200 -0.006679 0.999497 -0.030990 8.660300 -0.001171 0.030983 0.999519 -1.275000 0.000000 0.000000 0.000000 1.000000
0.999805 0.004416 -0.019235 -0.009200 -0.005055 0.999433 -0.033289 8.660300 0.019077 0.033380 0.999261 -1.275000 0.000000 0.000000 0.000000 1.000000
0.999306 -0.002008 -0.037189 -0.009200 0.000730 0.999409 -0.034354 8.660300 0.037236 0.034303 0.998718 -1.275000 0.000000 0.000000 0.000000 1.000000
0.998479 -0.009706 -0.054266 -0.009200 0.007775 0.999333 -0.035679 8.660300 0.054576 0.035203 0.997889 -1.275000 0.000000 0.000000 0.000000 1.000000
0.997222 -0.018320 -0.072204 -0.009200 0.015709 0.999208 -0.036565 8.660300 0.072817 0.035330 0.996719 -1.275000 0.000000 0.000000 0.000000 1.000000
0.995594 -0.029975 -0.088847 -0.009200 0.026677 0.998918 -0.038082 8.660300 0.089892 0.035544 0.995317 -1.275000 0.000000 0.000000 0.000000 1.000000
0.993593 -0.046226 -0.103133 -0.009200 0.041965 0.998189 -0.043108 8.660300 0.104939 0.038504 0.993733 -1.275000 0.000000 0.000000 0.000000 1.000000
0.991398 -0.057175 -0.117730 -0.009200 0.051915 0.997532 -0.047274 8.660300 0.120142 0.040756 0.991920 -1.275000 0.000000 0.000000 0.000000 1.000000
0.989758 -0.056947 -0.130909 -0.009200 0.051333 0.997627 -0.045877 8.660300 0.133210 0.038687 0.990332 -1.275000 0.000000 0.000000 0.000000 1.000000
0.988911 -0.054690 -0.138076 -0.009200 0.048865 0.997781 -0.045235 8.660300 0.140243 0.037986 0.989388 -1.275000 0.000000 0.000000 0.000000 1.000000
0.988725 -0.053723 -0.139775 -0.009200 0.047624 0.997777 -0.046619 8.660300 0.141969 0.039437 0.989085 -1.275000 0.000000 0.000000 0.000000 1.000000
0.989519 -0.047128 -0.136493 -0.009200 0.041672 0.998225 -0.042557 8.660300 0.138256 0.036423 0.989727 -1.275000 0.000000 0.000000 0.000000 1.000000
0.990498 -0.049641 -0.128253 -0.009200 0.044612 0.998130 -0.041794 8.660300 0.130088 0.035675 0.990860 -1.275000 0.000000 0.000000 0.000000 1.000000
0.991362 -0.049138 -0.121601 -0.009200 0.044488 0.998182 -0.040666 8.660300 0.123378 0.034905 0.991746 -1.275000 0.000000 0.000000 0.000000 1.000000
0.992642 -0.045919 -0.112041 -0.009200 0.041523 0.998285 -0.041268 8.660300 0.113744 0.036312 0.992846 -1.275000 0.000000 0.000000 0.000000 1.000000
0.994686 -0.041358 -0.094283 -0.009200 0.037313 0.998323 -0.044271 8.660300 0.095955 0.040517 0.994561 -1.275000 0.000000 0.000000 0.000000 1.000000
0.996778 -0.034783 -0.072281 -0.009200 0.031471 0.998424 -0.046463 8.660300 0.073783 0.044039 0.996301 -1.275000 0.000000 0.000000 0.000000 1.000000
0.998163 -0.028060 -0.053688 -0.009200 0.025601 0.998616 -0.045945 8.660300 0.054903 0.044486 0.997500 -1.275000 0.000000 0.000000 0.000000 1.000000
0.998877 -0.021488 -0.042215 -0.009200 0.019647 0.998858 -0.043549 8.660300 0.043103 0.042670 0.998159 -1.275000 0.000000 0.000000 0.000000 1.000000</float_array><technique_common><accessor source="#mixamorig_Spine1-Matrix-animation-output-transform-array" count="32" stride="16"><param type="float4x4"/></accessor></technique_common></source><source id="mixamorig_Spine1-Interpolations"><Name_array id="mixamorig_Spine1-Interpolations-array" count="32">
 LINEAR LINEAR LINEAR LINEAR LINEAR LINEAR LINEAR LINEAR LINEAR LINEAR LINEAR
LINEAR LINEAR LINEAR LINEAR LINEAR LINEAR LINEAR LINEAR LINEAR LINEAR LINEAR LINEAR
LINEAR LINEAR LINEAR LINEAR LINEAR LINEAR LINEAR LINEAR LINEAR</Name_array><technique_common><accessor source="#mixamorig_Spine1-Interpolations-array" count="32"><param type="name"/></accessor></technique_common></source><sampler id="mixamorig_Spine1-Matrix-animation-transform"><input semantic="INPUT" source="#mixamorig_Spine1-Matrix-animation-input"/><input semantic="OUTPUT" source="#mixamorig_Spine1-Matrix-animation-output-transform"/><input semantic="INTERPOLATION" source="#mixamorig_Spine1-Interpolations"/></sampler><channel source="#mixamorig_Spine1-Matrix-animation-transform" target="mixamorig_Spine1/matrix"/></animation>
    <animation id="mixamorig_Spine2-anim" name="mixamorig_Spine2"><source id="mixamorig_Spine2-Matrix-animation-input"><float_array id="mixamorig_Spine2-Matrix-animation-input-array" count="32">

0.000000 0.033333 0.066667 0.100000 0.133333 0.166667 0.200000 0.233333 0.266667 0.300000 0.333333 0.366667 0.400000 0.433333 0.466667 0.500000
0.533333 0.566667 0.600000 0.633333 0.666667 0.700000 0.733333 0.766667 0.800000 0.833333 0.866667 0.900000 0.933333 0.966667 1.000000 1.033333</float_array><technique_common><accessor source="#mixamorig_Spine2-Matrix-animation-input-array" count="32"><param name="TIME" type="float"/></accessor></technique_common></source><source id="mixamorig_Spine2-Matrix-animation-output-transform"><float_array id="mixamorig_Spine2-Matrix-animation-output-transform-array" count="512">

0.998867 -0.023401 -0.041444 0.006300 0.021613 0.998838 -0.043085 9.852500 0.042404 0.042141 0.998211 -1.857000 0.000000 0.000000 0.000000 1.000000
0.999418 -0.013431 -0.031365 0.006300 0.012214 0.999177 -0.038669 9.852500 0.031859 0.038263 0.998760 -1.857000 0.000000 0.000000 0.000000 1.000000
0.999776 -0.000779 -0.021149 0.006300 0.000041 0.999393 -0.034841 9.852500 0.021164 0.034833 0.999169 -1.857000 0.000000 0.000000 0.000000 1.000000
0.999792 0.017009 -0.011258 0.006300 -0.017376 0.999292 -0.033378 9.852500 0.010682 0.033567 0.999379 -1.857000 0.000000 0.000000 0.000000 1.000000
0.999544 0.030189 0.000256 0.006300 -0.030163 0.998976 -0.033708 9.852500 -0.001273 0.033685 0.999432 -1.857000 0.000000 0.000000 0.000000 1.000000
0.999353 0.032757 0.014879 0.006300 -0.032242 0.998914 -0.033624 9.852500 -0.015964 0.033122 0.999324 -1.857000 0.000000 0.000000 0.000000 1.000000
0.999094 0.030832 0.029330 0.006300 -0.029818 0.998963 -0.034405 9.852500 -0.030360 0.033499 0.998978 -1.857000 0.000000 0.000000 0.000000 1.000000
0.998769 0.029660 0.039760 0.006300 -0.028227 0.998949 -0.036122 9.852500 -0.040789 0.034955 0.998556 -1.857000 0.000000 0.000000 0.000000 1.000000
0.998654 0.025633 0.045086 0.006300 -0.024162 0.999167 -0.032878 9.852500 -0.045892 0.031745 0.998442 -1.857000 0.000000 0.000000 0.000000 1.000000
0.998979 0.013355 0.043159 0.006300 -0.012251 0.999594 -0.025736 9.852500 -0.043485 0.025181 0.998737 -1.857000 0.000000 0.000000 0.000000 1.000000
0.999329 0.011580 0.034734 0.006300 -0.010831 0.999706 -0.021680 9.852500 -0.034975 0.021289 0.999161 -1.857000 0.000000 0.000000 0.000000 1.000000
0.999546 0.011925 0.027669 0.006300 -0.011325 0.999700 -0.021731 9.852500 -0.027920 0.021408 0.999381 -1.857000 0.000000 0.000000 0.000000 1.000000
0.999783 0.009376 0.018587 0.006300 -0.008897 0.999631 -0.025683 9.852500 -0.018821 0.025512 0.999497 -1.857000 0.000000 0.000000 0.000000 1.000000
0.999978 0.006323 0.001806 0.006300 -0.006265 0.999512 -0.030605 9.852500 -0.001998 0.030593 0.999530 -1.857000 0.000000 0.000000 0.000000 1.000000
0.999823 0.003632 -0.018466 0.006300 -0.004245 0.999439 -0.033235 9.852500 0.018335 0.033307 0.999277 -1.857000 0.000000 0.000000 0.000000 1.000000
0.999331 -0.003280 -0.036437 0.006300 0.002027 0.999407 -0.034371 9.852500 0.036528 0.034274 0.998745 -1.857000 0.000000 0.000000 0.000000 1.000000
0.998501 -0.011511 -0.053513 0.006300 0.009618 0.999324 -0.035497 9.852500 0.053885 0.034929 0.997936 -1.857000 0.000000 0.000000 0.000000 1.000000
0.997233 -0.020574 -0.071430 0.006300 0.018032 0.999187 -0.036047 9.852500 0.072114 0.034660 0.996794 -1.857000 0.000000 0.000000 0.000000 1.000000
0.995594 -0.032564 -0.087934 0.006300 0.029420 0.998889 -0.036822 9.852500 0.089036 0.034073 0.995445 -1.857000 0.000000 0.000000 0.000000 1.000000
0.993575 -0.049389 -0.101828 0.006300 0.045488 0.998152 -0.040284 9.852500 0.103629 0.035394 0.993986 -1.857000 0.000000 0.000000 0.000000 1.000000
0.991372 -0.060924 -0.116057 0.006300 0.056202 0.997470 -0.043541 9.852500 0.118416 0.036642 0.992288 -1.857000 0.000000 0.000000 0.000000 1.000000
0.989750 -0.060705 -0.129267 0.006300 0.055591 0.997535 -0.042811 9.852500 0.131548 0.035186 0.990685 -1.857000 0.000000 0.000000 0.000000 1.000000
0.988908 -0.058620 -0.136476 0.006300 0.053232 0.997665 -0.042796 9.852500 0.138666 0.035056 0.989719 -1.857000 0.000000 0.000000 0.000000 1.000000
0.988693 -0.058089 -0.138245 0.006300 0.052451 0.997650 -0.044082 9.852500 0.140481 0.036332 0.989417 -1.857000 0.000000 0.000000 0.000000 1.000000
0.989458 -0.051042 -0.135530 0.006300 0.045923 0.998118 -0.040636 9.852500 0.137349 0.033983 0.989940 -1.857000 0.000000 0.000000 0.000000 1.000000
0.990404 -0.053032 -0.127624 0.006300 0.048435 0.998070 -0.038859 9.852500 0.129438 0.032305 0.991061 -1.857000 0.000000 0.000000 0.000000 1.000000
0.991261 -0.052124 -0.121183 0.006300 0.047859 0.998137 -0.037844 9.852500 0.122930 0.031713 0.991908 -1.857000 0.000000 0.000000 0.000000 1.000000
0.992545 -0.048850 -0.111662 0.006300 0.044732 0.998234 -0.039095 9.852500 0.113374 0.033809 0.992977 -1.857000 0.000000 0.000000 0.000000 1.000000
0.994600 -0.044413 -0.093801 0.006300 0.040545 0.998263 -0.042744 9.852500 0.095536 0.038710 0.994673 -1.857000 0.000000 0.000000 0.000000 1.000000
0.996720 -0.037599 -0.071662 0.006300 0.034382 0.998368 -0.045604 9.852500 0.073260 0.042990 0.996386 -1.857000 0.000000 0.000000 0.000000 1.000000
0.998136 -0.030323 -0.052958 0.006300 0.027923 0.998575 -0.045487 9.852500 0.054261 0.043923 0.997560 -1.857000 0.000000 0.000000 0.000000 1.000000
0.998867 -0.023401 -0.041444 0.006300 0.021613 0.998838 -0.043085 9.852500 0.042404 0.042141 0.998211 -1.857000 0.000000 0.000000 0.000000 1.000000</float_array><technique_common><accessor source="#mixamorig_Spine2-Matrix-animation-output-transform-array" count="32" stride="16"><param type="float4x4"/></accessor></technique_common></source><source id="mixamorig_Spine2-Interpolations"><Name_array id="mixamorig_Spine2-Interpolations-array" count="32">
 LINEAR LINEAR LINEAR LINEAR LINEAR LINEAR LINEAR LINEAR LINEAR LINEAR LINEAR
LINEAR LINEAR LINEAR LINEAR LINEAR LINEAR LINEAR LINEAR LINEAR LINEAR LINEAR LINEAR
LINEAR LINEAR LINEAR LINEAR LINEAR LINEAR LINEAR LINEAR LINEAR</Name_array><technique_common><accessor source="#mixamorig_Spine2-Interpolations-array" count="32"><param type="name"/></accessor></technique_common></source><sampler id="mixamorig_Spine2-Matrix-animation-transform"><input semantic="INPUT" source="#mixamorig_Spine2-Matrix-animation-input"/><input semantic="OUTPUT" source="#mixamorig_Spine2-Matrix-animation-output-transform"/><input semantic="INTERPOLATION" source="#mixamorig_Spine2-Interpolations"/></sampler><channel source="#mixamorig_Spine2-Matrix-animation-transform" target="mixamorig_Spine2/matrix"/></animation>
    <animation id="mixamorig_Neck-anim" name="mixamorig_Neck"><source id="mixamorig_Neck-Matrix-animation-input"><float_array id="mixamorig_Neck-Matrix-animation-input-array" count="32">

0.000000 0.033333 0.066667 0.100000 0.133333 0.166667 0.200000 0.233333 0.266667 0.300000 0.333333 0.366667 0.400000 0.433333 0.466667 0.500000
0.533333 0.566667 0.600000 0.633333 0.666667 0.700000 0.733333 0.766667 0.800000 0.833333 0.866667 0.900000 0.933333 0.966667 1.000000 1.033333</float_array><technique_common><accessor source="#mixamorig_Neck-Matrix-animation-input-array" count="32"><param name="TIME" type="float"/></accessor></technique_common></source><source id="mixamorig_Neck-Matrix-animation-output-transform"><float_array id="mixamorig_Neck-Matrix-animation-output-transform-array" count="512">

0.999301 0.004142 0.037153 0.016300 -0.004454 0.999956 0.008316 11.420800 -0.037116 -0.008475 0.999275 -0.263300 0.000000 0.000000 0.000000 1.000000
0.999438 0.006365 0.032913 0.016300 -0.006617 0.999950 0.007551 11.420800 -0.032863 -0.007765 0.999430 -0.263300 0.000000 0.000000 0.000000 1.000000
0.999623 0.004337 0.027098 0.016300 -0.004586 0.999948 0.009156 11.420800 -0.027057 -0.009277 0.999591 -0.263300 0.000000 0.000000 0.000000 1.000000
0.999795 -0.005905 0.019354 0.016300 0.005693 0.999924 0.010969 11.420800 -0.019417 -0.010856 0.999753 -0.263300 0.000000 0.000000 0.000000 1.000000
0.999797 -0.016764 0.011221 0.016300 0.016649 0.999808 0.010325 11.420800 -0.011392 -0.010137 0.999884 -0.263300 0.000000 0.000000 0.000000 1.000000
0.999785 -0.020307 0.004140 0.016300 0.020264 0.999743 0.010132 11.420800 -0.004345 -0.010046 0.999940 -0.263300 0.000000 0.000000 0.000000 1.000000
0.999829 -0.018360 -0.002006 0.016300 0.018384 0.999748 0.012906 11.420800 0.001769 -0.012941 0.999915 -0.263300 0.000000 0.000000 0.000000 1.000000
0.999886 -0.013393 -0.006956 0.016300 0.013491 0.999807 0.014259 11.420800 0.006763 -0.014351 0.999874 -0.263300 0.000000 0.000000 0.000000 1.000000
0.999964 0.001567 -0.008371 0.016300 -0.001501 0.999967 0.007950 11.420800 0.008384 -0.007937 0.999933 -0.263300 0.000000 0.000000 0.000000 1.000000
0.999611 0.027461 -0.004915 0.016300 -0.027446 0.999618 0.003197 11.420800 0.005001 -0.003061 0.999983 -0.263300 0.000000 0.000000 0.000000 1.000000
0.999208 0.039796 -0.000710 0.016300 -0.039794 0.999203 0.003221 11.420800 0.000837 -0.003190 0.999995 -0.263300 0.000000 0.000000 0.000000 1.000000
0.998802 0.048724 0.004591 0.016300 -0.048730 0.998811 0.001124 11.420800 -0.004531 -0.001347 0.999989 -0.263300 0.000000 0.000000 0.000000 1.000000
0.998459 0.054127 0.012274 0.016300 -0.054133 0.998534 0.000137 11.420800 -0.012249 -0.000801 0.999925 -0.263300 0.000000 0.000000 0.000000 1.000000
0.998561 0.049282 0.021154 0.016300 -0.049324 0.998782 0.001481 11.420800 -0.021055 -0.002522 0.999775 -0.263300 0.000000 0.000000 0.000000 1.000000
0.998819 0.038413 0.029761 0.016300 -0.038424 0.999262 -0.000213 11.420800 -0.029748 -0.000931 0.999557 -0.263300 0.000000 0.000000 0.000000 1.000000
0.998815 0.030143 0.038206 0.016300 -0.029933 0.999534 -0.006061 11.420800 -0.038371 0.004911 0.999252 -0.263300 0.000000 0.000000 0.000000 1.000000
0.998633 0.023103 0.046880 0.016300 -0.022591 0.999680 -0.011421 11.420800 -0.047128 0.010346 0.998835 -0.263300 0.000000 0.000000 0.000000 1.000000
0.998264 0.018197 0.056024 0.016300 -0.017542 0.999772 -0.012154 11.420800 -0.056233 0.011150 0.998355 -0.263300 0.000000 0.000000 0.000000 1.000000
0.997663 0.020207 0.065268 0.016300 -0.019618 0.999761 -0.009654 11.420800 -0.065448 0.008351 0.997821 -0.263300 0.000000 0.000000 0.000000 1.000000
0.996765 0.029845 0.074629 0.016300 -0.029416 0.999544 -0.006841 11.420800 -0.074799 0.004623 0.997188 -0.263300 0.000000 0.000000 0.000000 1.000000
0.995765 0.039117 0.083200 0.016300 -0.038842 0.999233 -0.004922 11.420800 -0.083328 0.001669 0.996521 -0.263300 0.000000 0.000000 0.000000 1.000000
0.995090 0.042326 0.089465 0.016300 -0.042380 0.999101 -0.001291 11.420800 -0.089439 -0.002507 0.995989 -0.263300 0.000000 0.000000 0.000000 1.000000
0.994896 0.039709 0.092767 0.016300 -0.040282 0.999179 0.004310 11.420800 -0.092520 -0.008025 0.995679 -0.263300 0.000000 0.000000 0.000000 1.000000
0.995083 0.032214 0.093664 0.016300 -0.033105 0.999420 0.007969 11.420800 -0.093353 -0.011031 0.995572 -0.263300 0.000000 0.000000 0.000000 1.000000
0.995793 0.009143 0.091175 0.016300 -0.009484 0.999950 0.003307 11.420800 -0.091140 -0.004158 0.995829 -0.263300 0.000000 0.000000 0.000000 1.000000
0.996140 -0.002765 0.087730 0.016300 0.002735 0.999996 0.000460 11.420800 -0.087731 -0.000219 0.996144 -0.263300 0.000000 0.000000 0.000000 1.000000
0.996605 -0.014104 0.081115 0.016300 0.014201 0.999899 -0.000622 11.420800 -0.081098 0.001772 0.996705 -0.263300 0.000000 0.000000 0.000000 1.000000
0.997224 -0.023376 0.070695 0.016300 0.023268 0.999726 0.002359 11.420800 -0.070731 -0.000708 0.997495 -0.263300 0.000000 0.000000 0.000000 1.000000
0.997990 -0.023150 0.058997 0.016300 0.022881 0.999724 0.005236 11.420800 -0.059102 -0.003876 0.998244 -0.263300 0.000000 0.000000 0.000000 1.000000
0.998718 -0.014904 0.048378 0.016300 0.014689 0.999881 0.004803 11.420800 -0.048443 -0.004087 0.998818 -0.263300 0.000000 0.000000 0.000000 1.000000
0.999165 -0.004138 0.040648 0.016300 0.003952 0.999981 0.004654 11.420800 -0.040667 -0.004489 0.999163 -0.263300 0.000000 0.000000 0.000000 1.000000
0.999301 0.004142 0.037153 0.016300 -0.004454 0.999956 0.008316 11.420800 -0.037116 -0.008475 0.999275 -0.263300 0.000000 0.000000 0.000000 1.000000</float_array><technique_common><accessor source="#mixamorig_Neck-Matrix-animation-output-transform-array" count="32" stride="16"><param type="float4x4"/></accessor></technique_common></source><source id="mixamorig_Neck-Interpolations"><Name_array id="mixamorig_Neck-Interpolations-array" count="32">
 LINEAR LINEAR LINEAR LINEAR LINEAR LINEAR LINEAR LINEAR LINEAR LINEAR LINEAR
LINEAR LINEAR LINEAR LINEAR LINEAR LINEAR LINEAR LINEAR LINEAR LINEAR LINEAR LINEAR
LINEAR LINEAR LINEAR LINEAR LINEAR LINEAR LINEAR LINEAR LINEAR</Name_array><technique_common><accessor source="#mixamorig_Neck-Interpolations-array" count="32"><param type="name"/></accessor></technique_common></source><sampler id="mixamorig_Neck-Matrix-animation-transform"><input semantic="INPUT" source="#mixamorig_Neck-Matrix-animation-input"/><input semantic="OUTPUT" source="#mixamorig_Neck-Matrix-animation-output-transform"/><input semantic="INTERPOLATION" source="#mixamorig_Neck-Interpolations"/></sampler><channel source="#mixamorig_Neck-Matrix-animation-transform" target="mixamorig_Neck/matrix"/></animation>
    <animation id="mixamorig_Head-anim" name="mixamorig_Head"><source id="mixamorig_Head-Matrix-animation-input"><float_array id="mixamorig_Head-Matrix-animation-input-array" count="32">

0.000000 0.033333 0.066667 0.100000 0.133333 0.166667 0.200000 0.233333 0.266667 0.300000 0.333333 0.366667 0.400000 0.433333 0.466667 0.500000
0.533333 0.566667 0.600000 0.633333 0.666667 0.700000 0.733333 0.766667 0.800000 0.833333 0.866667 0.900000 0.933333 0.966667 1.000000 1.033333</float_array><technique_common><accessor source="#mixamorig_Head-Matrix-animation-input-array" count="32"><param name="TIME" type="float"/></accessor></technique_common></source><source id="mixamorig_Head-Matrix-animation-output-transform"><float_array id="mixamorig_Head-Matrix-animation-output-transform-array" count="512">

0.996340 0.032647 0.078999 -0.019200 -0.037096 0.997768 0.055527 9.262400 -0.077010 -0.058255 0.995327 2.362500 0.000000 0.000000 0.000000 1.000000
0.997790 0.032674 0.057860 -0.019200 -0.035549 0.998148 0.049374 9.262400 -0.056139 -0.051322 0.997103 2.362500 0.000000 0.000000 0.000000 1.000000
0.998661 0.032668 0.040123 -0.019200 -0.034635 0.998181 0.049343 9.262400 -0.038438 -0.050667 0.997976 2.362500 0.000000 0.000000 0.000000 1.000000
0.998921 0.038288 0.026298 -0.019200 -0.039711 0.997646 0.055908 9.262400 -0.024095 -0.056892 0.998090 2.362500 0.000000 0.000000 0.000000 1.000000
0.998903 0.041941 0.020843 -0.019200 -0.043277 0.996716 0.068436 9.262400 -0.017904 -0.069263 0.997438 2.362500 0.000000 0.000000 0.000000 1.000000
0.998919 0.042160 0.019596 -0.019200 -0.043615 0.995765 0.080926 9.262400 -0.016101 -0.081693 0.996527 2.362500 0.000000 0.000000 0.000000 1.000000
0.999048 0.041890 0.012175 -0.019200 -0.042852 0.994640 0.094102 9.262400 -0.008168 -0.094534 0.995488 2.362500 0.000000 0.000000 0.000000 1.000000
0.999399 0.034408 -0.004238 -0.019200 -0.033784 0.994043 0.103617 9.262400 0.007778 -0.103411 0.994608 2.362500 0.000000 0.000000 0.000000 1.000000
0.999636 0.015646 -0.021967 -0.019200 -0.013536 0.995563 0.093120 9.262400 0.023327 -0.092789 0.995413 2.362500 0.000000 0.000000 0.000000 1.000000
0.999404 -0.010233 -0.032954 -0.019200 0.012474 0.997572 0.068516 9.262400 0.032173 -0.068886 0.997106 2.362500 0.000000 0.000000 0.000000 1.000000
0.998749 -0.034349 -0.036337 -0.019200 0.036239 0.997954 0.052681 9.262400 0.034453 -0.053932 0.997950 2.362500 0.000000 0.000000 0.000000 1.000000
0.998729 -0.041869 -0.028056 -0.019200 0.043394 0.997478 0.056162 9.262400 0.025634 -0.057309 0.998027 2.362500 0.000000 0.000000 0.000000 1.000000
0.999624 -0.027404 -0.000653 -0.019200 0.027382 0.997165 0.070087 9.262400 -0.001269 -0.070078 0.997541 2.362500 0.000000 0.000000 0.000000 1.000000
0.999331 -0.002955 0.036440 -0.019200 0.000205 0.997166 0.075234 9.262400 -0.036559 -0.075176 0.996500 2.362500 0.000000 0.000000 0.000000 1.000000
0.997433 0.015534 0.069904 -0.019200 -0.020025 0.997749 0.064005 9.262400 -0.068753 -0.065241 0.995498 2.362500 0.000000 0.000000 0.000000 1.000000
0.995126 0.024515 0.095515 -0.019200 -0.028951 0.998552 0.045342 9.262400 -0.094266 -0.047886 0.994395 2.362500 0.000000 0.000000 0.000000 1.000000
0.992379 0.030540 0.119375 -0.019200 -0.034254 0.998987 0.029186 9.262400 -0.118363 -0.033052 0.992420 2.362500 0.000000 0.000000 0.000000 1.000000
0.989005 0.036365 0.143342 -0.019200 -0.039846 0.998975 0.021489 9.262400 -0.142414 -0.026964 0.989440 2.362500 0.000000 0.000000 0.000000 1.000000
0.986150 0.038348 0.161363 -0.019200 -0.043095 0.998732 0.026018 9.262400 -0.160160 -0.032612 0.986552 2.362500 0.000000 0.000000 0.000000 1.000000
0.984052 0.035415 0.174320 -0.019200 -0.043354 0.998179 0.041949 9.262400 -0.172517 -0.048838 0.983795 2.362500 0.000000 0.000000 0.000000 1.000000
0.982535 0.032725 0.183177 -0.019200 -0.044146 0.997304 0.058622 9.262400 -0.180765 -0.065684 0.981331 2.362500 0.000000 0.000000 0.000000 1.000000
0.981894 0.032584 0.186609 -0.019200 -0.045756 0.996722 0.066717 9.262400 -0.183824 -0.074048 0.980166 2.362500 0.000000 0.000000 0.000000 1.000000
0.981754 0.033322 0.187212 -0.019200 -0.047893 0.996118 0.073857 9.262400 -0.184024 -0.081476 0.979539 2.362500 0.000000 0.000000 0.000000 1.000000
0.980591 0.041677 0.191582 -0.019200 -0.059126 0.994515 0.086281 9.262400 -0.186935 -0.095934 0.977677 2.362500 0.000000 0.000000 0.000000 1.000000
0.975705 0.064898 0.209258 -0.019200 -0.084746 0.992569 0.087316 9.262400 -0.202036 -0.102929 0.973954 2.362500 0.000000 0.000000 0.000000 1.000000
0.970354 0.083242 0.226899 -0.019200 -0.102369 0.992001 0.073857 9.262400 -0.218936 -0.094894 0.971114 2.362500 0.000000 0.000000 0.000000 1.000000
0.970766 0.080643 0.226077 -0.019200 -0.096976 0.993349 0.062078 9.262400 -0.219567 -0.082188 0.972129 2.362500 0.000000 0.000000 0.000000 1.000000
0.977407 0.066904 0.200498 -0.019200 -0.081612 0.994476 0.066006 9.262400 -0.194974 -0.080878 0.977468 2.362500 0.000000 0.000000 0.000000 1.000000
0.985303 0.052587 0.162522 -0.019200 -0.065363 0.995092 0.074288 9.262400 -0.157818 -0.083819 0.983904 2.362500 0.000000 0.000000 0.000000 1.000000
0.991460 0.039490 0.124292 -0.019200 -0.049012 0.996015 0.074509 9.262400 -0.120854 -0.079964 0.989444 2.362500 0.000000 0.000000 0.000000 1.000000
0.994966 0.032034 0.094957 -0.019200 -0.038439 0.997052 0.066402 9.262400 -0.092550 -0.069718 0.993264 2.362500 0.000000 0.000000 0.000000 1.000000
0.996340 0.032647 0.078999 -0.019200 -0.037096 0.997768 0.055527 9.262400 -0.077010 -0.058255 0.995327 2.362500 0.000000 0.000000 0.000000 1.000000</float_array><technique_common><accessor source="#mixamorig_Head-Matrix-animation-output-transform-array" count="32" stride="16"><param type="float4x4"/></accessor></technique_common></source><source id="mixamorig_Head-Interpolations"><Name_array id="mixamorig_Head-Interpolations-array" count="32">
 LINEAR LINEAR LINEAR LINEAR LINEAR LINEAR LINEAR LINEAR LINEAR LINEAR LINEAR
LINEAR LINEAR LINEAR LINEAR LINEAR LINEAR LINEAR LINEAR LINEAR LINEAR LINEAR LINEAR
