<?xml version="1.0" encoding="utf-8"?>
<COLLADA xmlns="http://www.collada.org/2005/11/COLLADASchema" version="1.4.1">
  <asset><contributor><author>Mixamo</author><authoring_tool>COLLADA Mixamo exporter</authoring_tool><comments></comments></contributor><created>2018-10-14T12:46:29Z</created><modified>2018-10-14T12:46:29Z</modified><revision></revision><title></title><unit meter="0.010000"/><up_axis>Y_UP</up_axis></asset>
  <library_animations>
    <animation id="mixamorig_Hips-anim" name="mixamorig_Hips"><source id="mixamorig_Hips-Matrix-animation-input"><float_array id="mixamorig_Hips-Matrix-animation-input-array" count="72">

0.000000 0.033333 0.066667 0.100000 0.133333 0.166667 0.200000 0.233333 0.266667 0.300000 0.333333 0.366667 0.400000 0.433333 0.466667 0.500000
0.533333 0.566667 0.600000 0.633333 0.666667 0.700000 0.733333 0.766667 0.800000 0.833333 0.866667 0.900000 0.933333 0.966667 1.000000 1.033333
1.066667 1.100000 1.133333 1.166667 1.200000 1.233333 1.266667 1.300000 1.333333 1.366667 1.400000 1.433333 1.466667 1.500000 1.533333 1.566667
1.600000 1.633333 1.666667 1.700000 1.733333 1.766667 1.800000 1.833333 1.866667 1.900000 1.933333 1.966667 2.000000 2.033333 2.066667 2.100000
2.133333 2.166667 2.200000 2.233333 2.266667 2.300000 2.333333 2.366667</float_array><technique_common><accessor source="#mixamorig_Hips-Matrix-animation-input-array" count="72"><param name="TIME" type="float"/></accessor></technique_common></source><source id="mixamorig_Hips-Matrix-animation-output-transform"><float_array id="mixamorig_Hips-Matrix-animation-output-transform-array" count="1152">

0.992683 -0.016005 -0.119683 -0.031012 -0.023647 0.946216 -0.322670 96.046143 0.118411 0.323139 0.938914 2.190953 0.000000 0.000000 0.000000 1.000000
0.994338 -0.057929 -0.089086 0.826572 0.018352 0.919363 -0.392983 93.906982 0.104668 0.389123 0.915220 13.539507 0.000000 0.000000 0.000000 1.000000
0.997895 -0.064829 0.001669 1.529235 0.058839 0.894279 -0.443624 89.626160 0.027267 0.442789 0.896211 26.675966 0.000000 0.000000 0.000000 1.000000
0.992766 -0.061812 0.102931 1.733981 0.100790 0.894917 -0.434702 88.324493 -0.065245 0.441931 0.894673 39.930332 0.000000 0.000000 0.000000 1.000000
0.987879 -0.071960 0.137542 1.998782 0.121694 0.909089 -0.398432 88.625153 -0.096366 0.410341 0.906826 52.526058 0.000000 0.000000 0.000000 1.000000
0.985859 -0.035253 0.163827 3.103964 0.093063 0.928187 -0.360288 89.466164 -0.139361 0.370439 0.918343 66.120438 0.000000 0.000000 0.000000 1.000000
0.977194 -0.015912 0.211753 4.478913 0.085012 0.943106 -0.321439 90.430611 -0.194591 0.332110 0.922950 80.427704 0.000000 0.000000 0.000000 1.000000
0.974690 0.061245 0.215010 6.215203 0.026333 0.923597 -0.382459 90.367798 -0.222007 0.378441 0.898608 95.073860 0.000000 0.000000 0.000000 1.000000
0.951911 0.159230 0.261746 7.304898 -0.044995 0.917727 -0.394654 90.557854 -0.303052 0.363898 0.880760 108.591949 0.000000 0.000000 0.000000 1.000000
0.951627 0.174646 0.252794 9.239043 -0.065939 0.919661 -0.387138 91.523247 -0.300096 0.351742 0.886690 121.786263 0.000000 0.000000 0.000000 1.000000
0.971032 0.137156 0.195666 11.942773 -0.039768 0.900200 -0.433656 92.215057 -0.235617 0.413313 0.879578 136.648132 0.000000 0.000000 0.000000 1.000000
0.973473 0.086699 0.211739 14.227736 0.004226 0.918454 -0.395505 92.305817 -0.228762 0.385908 0.893724 152.063538 0.000000 0.000000 0.000000 1.000000
0.951868 0.026017 0.305403 16.248892 0.092176 0.925970 -0.366173 90.898537 -0.292321 0.376699 0.879003 168.192215 0.000000 0.000000 0.000000 1.000000
0.920543 -0.056930 0.386470 17.412977 0.185867 0.933994 -0.305138 90.546082 -0.343589 0.352725 0.870363 181.300369 0.000000 0.000000 0.000000 1.000000
0.878874 -0.152874 0.451895 18.205906 0.281689 0.930795 -0.232962 96.102287 -0.385008 0.332038 0.861115 193.650925 0.000000 0.000000 0.000000 1.000000
0.832519 -0.240769 0.498941 18.859295 0.371750 0.910536 -0.180903 105.708961 -0.410748 0.336086 0.847545 205.485336 0.000000 0.000000 0.000000 1.000000
0.785150 -0.315284 0.533044 19.493584 0.469142 0.864669 -0.179593 118.025810 -0.404284 0.391080 0.826808 217.458191 0.000000 0.000000 0.000000 1.000000
0.773403 -0.326092 0.543610 19.721910 0.546280 0.777897 -0.310571 129.037582 -0.321598 0.537160 0.779765 228.397873 0.000000 0.000000 0.000000 1.000000
0.805762 -0.393424 0.442679 19.860802 0.566629 0.729550 -0.383000 138.380127 -0.172275 0.559441 0.810769 238.252960 0.000000 0.000000 0.000000 1.000000
0.860175 -0.405927 0.308744 19.520422 0.509878 0.671270 -0.537978 147.020874 0.011129 0.620177 0.784383 247.053864 0.000000 0.000000 0.000000 1.000000
0.882685 -0.402060 0.243340 19.686720 0.447277 0.559760 -0.697575 154.862274 0.144255 0.724580 0.673924 256.167603 0.000000 0.000000 0.000000 1.000000
0.891456 -0.410126 0.192622 20.060093 0.387637 0.470183 -0.792884 161.361328 0.234615 0.781488 0.578128 266.396545 0.000000 0.000000 0.000000 1.000000
0.892079 -0.404854 0.200719 20.390469 0.355055 0.353229 -0.865543 166.574860 0.279519 0.843399 0.458854 276.952637 0.000000 0.000000 0.000000 1.000000
0.879548 -0.408536 0.243914 20.614883 0.354470 0.220635 -0.908665 170.697205 0.317406 0.885674 0.338873 286.942017 0.000000 0.000000 0.000000 1.000000
0.861600 -0.410388 0.298711 20.886993 0.363931 0.089220 -0.927143 173.933762 0.353837 0.907536 0.226225 296.884674 0.000000 0.000000 0.000000 1.000000
0.857144 -0.378771 0.349051 20.869251 0.361495 -0.040362 -0.931500 176.421555 0.366914 0.924610 0.102328 306.808838 0.000000 0.000000 0.000000 1.000000
0.850422 -0.352925 0.390162 20.690742 0.351036 -0.171729 -0.920480 177.739716 0.391863 0.919757 -0.022153 316.688477 0.000000 0.000000 0.000000 1.000000
0.847612 -0.337842 0.409166 20.510494 0.315703 -0.298690 -0.900620 177.802277 0.426481 0.892551 -0.146516 327.000366 0.000000 0.000000 0.000000 1.000000
0.846149 -0.332439 0.416552 20.114523 0.248505 -0.445324 -0.860193 176.235123 0.471462 0.831367 -0.294198 337.949738 0.000000 0.000000 0.000000 1.000000
0.848248 -0.321594 0.420776 19.893780 0.191021 -0.555248 -0.809451 173.326233 0.493950 0.766992 -0.409557 348.955017 0.000000 0.000000 0.000000 1.000000
0.849271 -0.307764 0.428977 19.620131 0.141951 -0.649493 -0.747000 168.773163 0.508517 0.695299 -0.507908 360.050690 0.000000 0.000000 0.000000 1.000000
0.850792 -0.294789 0.435032 19.296997 0.096734 -0.725838 -0.681030 162.977676 0.516523 0.621497 -0.589021 370.789124 0.000000 0.000000 0.000000 1.000000
0.857035 -0.267864 0.440159 18.835072 0.057348 -0.799354 -0.598118 156.524170 0.512057 0.537850 -0.669713 381.084412 0.000000 0.000000 0.000000 1.000000
0.846261 -0.271910 0.458157 18.295696 0.023596 -0.839981 -0.542102 148.734283 0.532246 0.469570 -0.704427 391.228882 0.000000 0.000000 0.000000 1.000000
0.836915 -0.225903 0.498538 17.605787 0.016778 -0.899834 -0.435909 140.682800 0.547075 0.373183 -0.749295 402.252350 0.000000 0.000000 0.000000 1.000000
0.853179 -0.206875 0.478841 16.468401 -0.022683 -0.931837 -0.362168 131.826920 0.521125 0.298132 -0.799716 413.098450 0.000000 0.000000 0.000000 1.000000
0.864236 -0.177136 0.470870 15.101043 -0.059505 -0.965385 -0.253952 121.737579 0.499554 0.191455 -0.844861 424.599396 0.000000 0.000000 0.000000 1.000000
0.870200 -0.152241 0.468588 13.610828 -0.086107 -0.983419 -0.159599 110.713112 0.485116 0.098534 -0.868880 436.672028 0.000000 0.000000 0.000000 1.000000
0.877013 -0.132982 0.461698 11.834427 -0.130907 -0.990715 -0.036692 99.114517 0.462291 -0.028260 -0.886278 448.788940 0.000000 0.000000 0.000000 1.000000
0.878912 -0.097142 0.466988 10.145828 -0.147199 -0.986495 0.071833 86.931648 0.453703 -0.131875 -0.881341 461.521942 0.000000 0.000000 0.000000 1.000000
0.885236 -0.039905 0.463427 8.384246 -0.158365 -0.962647 0.219616 76.212242 0.437353 -0.267802 -0.858490 473.906281 0.000000 0.000000 0.000000 1.000000
0.894569 -0.028894 0.445996 6.603770 -0.185626 -0.931786 0.311959 64.589241 0.406559 -0.361857 -0.838910 484.920410 0.000000 0.000000 0.000000 1.000000
0.920027 -0.028610 0.390810 4.635087 -0.218825 -0.864849 0.451832 50.336834 0.325065 -0.501217 -0.801944 499.949554 0.000000 0.000000 0.000000 1.000000
0.937069 -0.125582 0.325779 1.816311 -0.317123 -0.696490 0.643689 41.302757 0.146066 -0.706492 -0.692483 510.446991 0.000000 0.000000 0.000000 1.000000
0.909750 -0.223613 0.349790 -0.135700 -0.412346 -0.388806 0.823894 32.035099 -0.048232 -0.893771 -0.445922 519.310608 0.000000 0.000000 0.000000 1.000000
0.928944 -0.261698 0.261874 -1.009826 -0.307540 -0.151667 0.939370 20.375248 -0.206113 -0.953159 -0.221373 524.341431 0.000000 0.000000 0.000000 1.000000
0.943914 -0.259650 0.203980 -1.920144 -0.180347 0.112062 0.977199 16.361452 -0.276588 -0.959179 0.058949 526.517639 0.000000 0.000000 0.000000 1.000000
0.940891 -0.261159 0.215683 -2.971229 -0.108111 0.371913 0.921950 17.934055 -0.320991 -0.890773 0.321696 529.817871 0.000000 0.000000 0.000000 1.000000
0.948480 -0.223926 0.224151 -3.539793 -0.060840 0.565578 0.822448 19.421759 -0.310942 -0.793712 0.522816 532.496338 0.000000 0.000000 0.000000 1.000000
0.947550 -0.228937 0.223019 -4.516989 0.012170 0.723127 0.690608 20.674128 -0.319376 -0.651671 0.687985 534.997070 0.000000 0.000000 0.000000 1.000000
0.924638 -0.268586 0.270012 -5.421653 0.084695 0.836237 0.541789 21.538654 -0.371311 -0.478090 0.795964 538.802795 0.000000 0.000000 0.000000 1.000000
0.915603 -0.279116 0.289424 -6.399373 0.150640 0.905504 0.396698 22.074223 -0.372800 -0.319619 0.871128 542.622559 0.000000 0.000000 0.000000 1.000000
0.903477 -0.288131 0.317348 -7.178147 0.195894 0.936080 0.292198 22.370396 -0.381254 -0.201828 0.902170 546.152283 0.000000 0.000000 0.000000 1.000000
0.896532 -0.296744 0.328898 -8.015163 0.263702 0.954094 0.142004 25.530479 -0.355938 -0.040580 0.933628 550.318787 0.000000 0.000000 0.000000 1.000000
0.914244 -0.289036 0.283929 -8.360292 0.300100 0.953896 0.004740 32.512791 -0.272209 0.080873 0.958833 554.815674 0.000000 0.000000 0.000000 1.000000
0.934361 -0.278238 0.222604 -8.160161 0.307448 0.945311 -0.108918 39.635513 -0.180125 0.170207 0.968806 559.204346 0.000000 0.000000 0.000000 1.000000
0.951157 -0.268190 0.152885 -7.890230 0.296486 0.931573 -0.210399 44.618443 -0.085997 0.245451 0.965587 563.476440 0.000000 0.000000 0.000000 1.000000
0.962133 -0.260990 0.078640 -7.560902 0.272511 0.914466 -0.299148 48.414207 0.006161 0.309251 0.950961 567.759155 0.000000 0.000000 0.000000 1.000000
0.966028 -0.258386 0.005149 -7.219652 0.241353 0.894866 -0.375451 52.660599 0.092403 0.363939 0.926828 572.072266 0.000000 0.000000 0.000000 1.000000
0.963233 -0.261105 -0.063298 -6.878848 0.207444 0.872512 -0.442368 56.924591 0.170733 0.412973 0.894597 576.514282 0.000000 0.000000 0.000000 1.000000
0.955217 -0.268680 -0.123981 -6.526784 0.170861 0.842894 -0.510231 60.354656 0.241591 0.466198 0.851054 581.214661 0.000000 0.000000 0.000000 1.000000
0.943361 -0.283078 -0.173022 -6.232892 0.134537 0.803116 -0.580435 64.241928 0.303265 0.524282 0.795713 585.998596 0.000000 0.000000 0.000000 1.000000
0.934036 -0.293844 -0.203060 -5.800621 0.094659 0.751823 -0.652535 67.859695 0.344408 0.590270 0.730044 590.923279 0.000000 0.000000 0.000000 1.000000
0.931412 -0.293634 -0.215061 -5.239391 0.062749 0.711581 -0.699796 70.889290 0.358517 0.638303 0.681200 595.564575 0.000000 0.000000 0.000000 1.000000
0.934398 -0.284775 -0.214017 -4.658039 0.042814 0.686202 -0.726150 73.668938 0.353648 0.669350 0.653378 599.927063 0.000000 0.000000 0.000000 1.000000
0.939164 -0.272946 -0.208499 -4.087946 0.031949 0.673828 -0.738197 76.772751 0.341980 0.686627 0.641555 604.316833 0.000000 0.000000 0.000000 1.000000
0.951436 -0.247398 -0.183203 -3.434054 0.032137 0.671681 -0.740143 80.141754 0.306164 0.698311 0.647013 609.732178 0.000000 0.000000 0.000000 1.000000
0.965190 -0.213651 -0.150869 -2.681354 0.038325 0.686130 -0.726468 83.592613 0.258727 0.695398 0.670434 615.913879 0.000000 0.000000 0.000000 1.000000
0.978447 -0.174392 -0.110589 -1.903093 0.048918 0.716038 -0.696345 87.152878 0.200623 0.675927 0.709136 621.495605 0.000000 0.000000 0.000000 1.000000
0.987942 -0.144166 -0.056446 -1.200188 0.072350 0.752225 -0.654922 91.107101 0.136878 0.642941 0.753586 627.665283 0.000000 0.000000 0.000000 1.000000
0.992448 -0.122568 0.005003 -0.588923 0.100256 0.786939 -0.608831 95.193298 0.070687 0.604735 0.793284 633.793274 0.000000 0.000000 0.000000 1.000000
0.992524 -0.103926 0.063996 -0.035136 0.121864 0.814961 -0.566558 99.461884 0.006726 0.570121 0.821533 639.912170 0.000000 0.000000 0.000000 1.000000</float_array><technique_common><accessor source="#mixamorig_Hips-Matrix-animation-output-transform-array" count="72" stride="16"><param type="float4x4"/></accessor></technique_common></source><source id="mixamorig_Hips-Interpolations"><Name_array id="mixamorig_Hips-Interpolations-array" count="72">
 LINEAR LINEAR LINEAR LINEAR LINEAR LINEAR LINEAR LINEAR LINEAR LINEAR LINEAR
LINEAR LINEAR LINEAR LINEAR LINEAR LINEAR LINEAR LINEAR LINEAR LINEAR LINEAR LINEAR
LINEAR LINEAR LINEAR LINEAR LINEAR LINEAR LINEAR LINEAR LINEAR LINEAR LINEAR LINEAR
LINEAR LINEAR LINEAR LINEAR LINEAR LINEAR LINEAR LINEAR LINEAR LINEAR LINEAR LINEAR
LINEAR LINEAR LINEAR LINEAR LINEAR LINEAR LINEAR LINEAR LINEAR LINEAR LINEAR LINEAR
LINEAR LINEAR LINEAR LINEAR LINEAR LINEAR LINEAR LINEAR LINEAR LINEAR LINEAR LINEAR
LINEAR</Name_array><technique_common><accessor source="#mixamorig_Hips-Interpolations-array" count="72"><param type="name"/></accessor></technique_common></source><sampler id="mixamorig_Hips-Matrix-animation-transform"><input semantic="INPUT" source="#mixamorig_Hips-Matrix-animation-input"/><input semantic="OUTPUT" source="#mixamorig_Hips-Matrix-animation-output-transform"/><input semantic="INTERPOLATION" source="#mixamorig_Hips-Interpolations"/></sampler><channel source="#mixamorig_Hips-Matrix-animation-transform" target="mixamorig_Hips/matrix"/></animation>
    <animation id="mixamorig_Spine-anim" name="mixamorig_Spine"><source id="mixamorig_Spine-Matrix-animation-input"><float_array id="mixamorig_Spine-Matrix-animation-input-array" count="72">

0.000000 0.033333 0.066667 0.100000 0.133333 0.166667 0.200000 0.233333 0.266667 0.300000 0.333333 0.366667 0.400000 0.433333 0.466667 0.500000
0.533333 0.566667 0.600000 0.633333 0.666667 0.700000 0.733333 0.766667 0.800000 0.833333 0.866667 0.900000 0.933333 0.966667 1.000000 1.033333
1.066667 1.100000 1.133333 1.166667 1.200000 1.233333 1.266667 1.300000 1.333333 1.366667 1.400000 1.433333 1.466667 1.500000 1.533333 1.566667
1.600000 1.633333 1.666667 1.700000 1.733333 1.766667 1.800000 1.833333 1.866667 1.900000 1.933333 1.966667 2.000000 2.033333 2.066667 2.100000
2.133333 2.166667 2.200000 2.233333 2.266667 2.300000 2.333333 2.366667</float_array><technique_common><accessor source="#mixamorig_Spine-Matrix-animation-input-array" count="72"><param name="TIME" type="float"/></accessor></technique_common></source><source id="mixamorig_Spine-Matrix-animation-output-transform"><float_array id="mixamorig_Spine-Matrix-animation-output-transform-array" count="1152">

0.999441 -0.027578 -0.018888 0.000000 0.027006 0.999188 -0.029890 10.181600 0.019697 0.029363 0.999375 0.131500 0.000000 0.000000 0.000000 1.000000
0.998601 -0.052275 0.007994 0.000000 0.052374 0.998546 -0.012774 10.181600 -0.007314 0.013175 0.999886 0.131500 0.000000 0.000000 0.000000 1.000000
0.999095 -0.031226 0.028890 0.000000 0.031641 0.999401 -0.014030 10.181600 -0.028435 0.014931 0.999484 0.131500 0.000000 0.000000 0.000000 1.000000
0.998787 0.020793 0.044641 0.000000 -0.019874 0.999583 -0.020929 10.181600 -0.045058 0.020016 0.998784 0.131500 0.000000 0.000000 0.000000 1.000000
0.997187 0.058273 0.047146 0.000000 -0.056317 0.997537 -0.041810 10.181600 -0.049467 0.039038 0.998013 0.131500 0.000000 0.000000 0.000000 1.000000
0.998392 0.043431 0.036440 0.000000 -0.041231 0.997401 -0.059082 10.181600 -0.038911 0.057484 0.997588 0.131500 0.000000 0.000000 0.000000 1.000000
0.999627 0.026585 0.006179 0.000000 -0.025967 0.996063 -0.084763 10.181600 -0.008408 0.084571 0.996382 0.131500 0.000000 0.000000 0.000000 1.000000
0.999945 -0.000546 -0.010467 0.000000 -0.000393 0.995982 -0.089558 10.181600 0.010474 0.089557 0.995927 0.131500 0.000000 0.000000 0.000000 1.000000
0.998950 -0.038123 -0.025402 0.000000 0.035767 0.995522 -0.087498 10.181600 0.028624 0.086497 0.995841 0.131500 0.000000 0.000000 0.000000 1.000000
0.997046 -0.074690 -0.017889 0.000000 0.072917 0.993718 -0.084896 10.181600 0.024117 0.083341 0.996229 0.131500 0.000000 0.000000 0.000000 1.000000
0.995508 -0.094393 -0.007404 -0.000000 0.093758 0.993670 -0.061883 10.181600 0.013198 0.060911 0.998056 0.131500 0.000000 0.000000 0.000000 1.000000
0.993624 -0.111943 -0.013434 -0.000000 0.111138 0.992526 -0.050406 10.181600 0.018976 0.048592 0.998638 0.131500 0.000000 0.000000 0.000000 1.000000
0.992363 -0.118483 -0.034318 0.000000 0.117554 0.992674 -0.027920 10.181600 0.037375 0.023673 0.999021 0.131500 0.000000 0.000000 0.000000 1.000000
0.992822 -0.111117 -0.044247 0.000000 0.110342 0.993700 -0.019597 10.181600 0.046146 0.014574 0.998828 0.131500 0.000000 0.000000 0.000000 1.000000
0.994514 -0.093088 -0.047720 0.000000 0.092422 0.995592 -0.015987 10.181600 0.048997 0.011489 0.998733 0.131500 0.000000 0.000000 0.000000 1.000000
0.996130 -0.073408 -0.048336 -0.000000 0.072917 0.997268 -0.011848 10.181600 0.049074 0.008277 0.998761 0.131500 0.000000 0.000000 0.000000 1.000000
0.997864 -0.041160 -0.050719 0.000000 0.041157 0.999152 -0.001093 10.181600 0.050721 -0.000997 0.998712 0.131500 0.000000 0.000000 0.000000 1.000000
0.998568 -0.023523 -0.048048 -0.000000 0.024736 0.999386 0.024804 10.181600 0.047435 -0.025957 0.998537 0.131500 0.000000 0.000000 0.000000 1.000000
0.998213 -0.030490 -0.051389 -0.000000 0.030621 0.999530 0.001765 10.181600 0.051311 -0.003336 0.998677 0.131500 0.000000 0.000000 0.000000 1.000000
0.998012 -0.043820 -0.045307 -0.000000 0.043122 0.998937 -0.016274 10.181600 0.045972 0.014287 0.998841 0.131500 0.000000 0.000000 0.000000 1.000000
0.997221 -0.065454 -0.035592 -0.000000 0.064904 0.997757 -0.016390 10.181600 0.036585 0.014035 0.999232 0.131500 0.000000 0.000000 0.000000 1.000000
0.996003 -0.086725 -0.021374 0.000000 0.086218 0.995997 -0.023576 10.181600 0.023333 0.021639 0.999494 0.131500 0.000000 0.000000 0.000000 1.000000
0.994831 -0.101205 -0.008235 0.000000 0.101058 0.994741 -0.016651 10.181600 0.009877 0.015733 0.999827 0.131500 0.000000 0.000000 0.000000 1.000000
0.993833 -0.110885 -0.000077 0.000000 0.110881 0.993806 -0.007467 10.181600 0.000905 0.007413 0.999972 0.131500 0.000000 0.000000 0.000000 1.000000
0.993267 -0.115833 0.001902 0.000000 0.115834 0.993268 -0.000644 10.181600 -0.001814 0.000860 0.999998 0.131500 0.000000 0.000000 0.000000 1.000000
0.992935 -0.118658 0.000155 0.000000 0.118656 0.992928 0.003753 10.181600 -0.000600 -0.003708 0.999993 0.131500 0.000000 0.000000 0.000000 1.000000
0.993188 -0.116473 -0.003497 0.000000 0.116483 0.993188 0.002926 10.181600 0.003132 -0.003313 0.999990 0.131500 0.000000 0.000000 0.000000 1.000000
0.994081 -0.108638 0.000443 0.000000 0.108635 0.994074 0.003809 10.181600 -0.000854 -0.003738 0.999993 0.131500 0.000000 0.000000 0.000000 1.000000
0.995543 -0.094129 0.005888 -0.000000 0.094058 0.995502 0.011336 10.181600 -0.006929 -0.010732 0.999918 0.131500 0.000000 0.000000 0.000000 1.000000
0.995786 -0.091170 0.009898 0.000000 0.091016 0.995736 0.015030 10.181600 -0.011226 -0.014066 0.999838 0.131500 0.000000 0.000000 0.000000 1.000000
0.996026 -0.088475 0.010214 0.000000 0.088272 0.995916 0.018942 10.181600 -0.011848 -0.017966 0.999768 0.131500 0.000000 0.000000 0.000000 1.000000
0.996308 -0.084861 0.013017 0.000000 0.084595 0.996219 0.019774 10.181600 -0.014645 -0.018600 0.999720 0.131500 0.000000 0.000000 0.000000 1.000000
0.996333 -0.084226 0.015031 0.000000 0.083853 0.996192 0.023878 10.181600 -0.016985 -0.022530 0.999602 0.131500 0.000000 0.000000 0.000000 1.000000
0.996561 -0.082365 0.009069 0.000000 0.082242 0.996525 0.013228 10.181600 -0.010127 -0.012437 0.999871 0.131500 0.000000 0.000000 0.000000 1.000000
0.996604 -0.082139 0.005798 0.000000 0.082001 0.996410 0.021023 10.181600 -0.007504 -0.020476 0.999762 0.131500 0.000000 0.000000 0.000000 1.000000
0.996738 -0.079776 0.012217 0.000000 0.079613 0.996737 0.013326 10.181600 -0.013240 -0.012310 0.999837 0.131500 0.000000 0.000000 0.000000 1.000000
0.996855 -0.076906 0.019145 0.000000 0.076668 0.996973 0.012890 10.181600 -0.020078 -0.011382 0.999734 0.131500 0.000000 0.000000 0.000000 1.000000
0.997337 -0.070753 0.017689 0.000000 0.070663 0.997484 0.005666 10.181600 -0.018045 -0.004400 0.999827 0.131500 0.000000 0.000000 0.000000 1.000000
0.997930 -0.060828 0.020859 0.000000 0.060766 0.998146 0.003609 10.181600 -0.021040 -0.002334 0.999776 0.131500 0.000000 0.000000 0.000000 1.000000
0.997727 -0.059655 0.031345 0.000000 0.059772 0.998208 -0.002808 10.181600 -0.031121 0.004675 0.999505 0.131500 0.000000 0.000000 0.000000 1.000000
0.996572 -0.070440 0.043379 0.000000 0.071091 0.997377 -0.013645 10.181600 -0.042304 0.016682 0.998966 0.131500 0.000000 0.000000 0.000000 1.000000
0.996973 -0.074345 0.022765 0.000000 0.075255 0.996273 -0.042152 10.181600 -0.019546 0.043738 0.998852 0.131500 0.000000 0.000000 0.000000 1.000000
0.978406 -0.194643 -0.069537 0.000000 0.181602 0.970188 -0.160488 10.181600 0.098702 0.144394 0.984585 0.131500 0.000000 0.000000 0.000000 1.000000
0.993250 -0.079240 -0.084704 -0.000000 0.072608 0.994250 -0.078708 10.181600 0.090454 0.072027 0.993293 0.131500 0.000000 0.000000 0.000000 1.000000
0.995692 0.046357 -0.080300 0.000000 -0.050796 0.997240 -0.054141 10.181600 0.077569 0.057987 0.995299 0.131500 0.000000 0.000000 0.000000 1.000000
0.997766 0.059081 0.031178 0.000000 -0.055904 0.993958 -0.094455 10.181600 -0.036570 0.092501 0.995041 0.131500 0.000000 0.000000 0.000000 1.000000
0.999444 0.032690 0.006625 0.000000 -0.032165 0.997167 -0.067994 10.181600 -0.008829 0.067743 0.997664 0.131500 0.000000 0.000000 0.000000 1.000000
0.999964 -0.007938 0.002977 -0.000000 0.008126 0.997538 -0.069653 10.181600 -0.002417 0.069675 0.997567 0.131500 0.000000 0.000000 0.000000 1.000000
0.998044 -0.062083 -0.007375 0.000000 0.060983 0.992709 -0.103970 10.181600 0.013776 0.103317 0.994553 0.131500 0.000000 0.000000 0.000000 1.000000
0.996930 -0.072407 -0.029790 0.000000 0.067879 0.988917 -0.132041 10.181600 0.039021 0.129613 0.990797 0.131500 0.000000 0.000000 0.000000 1.000000
0.997663 -0.048597 -0.048019 0.000000 0.041343 0.989010 -0.141950 10.181600 0.054390 0.139633 0.988708 0.131500 0.000000 0.000000 0.000000 1.000000
0.998638 -0.027962 -0.044040 0.000000 0.021370 0.989402 -0.143624 10.181600 0.047589 0.142487 0.988652 0.131500 0.000000 0.000000 0.000000 1.000000
0.999309 -0.036736 0.005619 0.000000 0.037159 0.990028 -0.135883 10.181600 -0.000572 0.135998 0.990709 0.131500 0.000000 0.000000 0.000000 1.000000
0.996698 -0.042457 0.069208 0.000000 0.050497 0.991621 -0.118902 10.181600 -0.063580 0.122004 0.990491 0.131500 0.000000 0.000000 0.000000 1.000000
0.991627 -0.031305 0.125286 -0.000000 0.045243 0.992902 -0.109998 10.181600 -0.120953 0.114745 0.986004 0.131500 0.000000 0.000000 0.000000 1.000000
0.985947 -0.000435 0.167056 0.000000 0.022657 0.991105 -0.131139 10.181600 -0.165513 0.133081 0.977187 0.131500 0.000000 0.000000 0.000000 1.000000
0.977894 0.028238 0.207186 -0.000000 0.003483 0.988502 -0.151166 10.181600 -0.209073 0.148546 0.966552 0.131500 0.000000 0.000000 0.000000 1.000000
0.964688 0.049286 0.258744 0.000000 -0.011003 0.989020 -0.147369 10.181600 -0.263166 0.139318 0.954638 0.131500 0.000000 0.000000 0.000000 1.000000
0.949968 0.068797 0.304675 0.000000 -0.029006 0.990657 -0.133254 10.181600 -0.310996 0.117750 0.943089 0.131500 0.000000 0.000000 0.000000 1.000000
0.933799 0.091554 0.345886 0.000000 -0.053462 0.991558 -0.118126 10.181600 -0.353781 0.091815 0.930811 0.131500 0.000000 0.000000 0.000000 1.000000
0.918700 0.118626 0.376719 -0.000000 -0.085600 0.990961 -0.103295 10.181600 -0.385568 0.062650 0.920550 0.131500 0.000000 0.000000 0.000000 1.000000
0.907499 0.148250 0.393023 0.000000 -0.122974 0.988421 -0.088887 10.181600 -0.401649 0.032334 0.915223 0.131500 0.000000 0.000000 0.000000 1.000000
0.907549 0.176273 0.381159 -0.000000 -0.161393 0.984337 -0.070941 10.181600 -0.387694 0.002866 0.921784 0.131500 0.000000 0.000000 0.000000 1.000000
0.921925 0.194219 0.335162 0.000000 -0.189955 0.980724 -0.045804 10.181600 -0.337597 -0.021438 0.941046 0.131500 0.000000 0.000000 0.000000 1.000000
0.940314 0.203288 0.272915 0.000000 -0.206561 0.978286 -0.017008 10.181600 -0.270447 -0.040381 0.961888 0.131500 0.000000 0.000000 0.000000 1.000000
0.957176 0.207268 0.202122 0.000000 -0.214385 0.976653 0.013731 10.181600 -0.194557 -0.056475 0.979264 0.131500 0.000000 0.000000 0.000000 1.000000
0.970468 0.206494 0.124704 -0.000000 -0.213393 0.975947 0.044611 10.181600 -0.112493 -0.069905 0.991191 0.131500 0.000000 0.000000 0.000000 1.000000
0.982165 0.184473 0.036339 0.000000 -0.186711 0.979699 0.072995 10.181600 -0.022136 -0.078478 0.996670 0.131500 0.000000 0.000000 0.000000 1.000000
0.988069 0.145231 -0.051260 0.000000 -0.139807 0.985414 0.097023 10.181600 0.064603 -0.088699 0.993961 0.131500 0.000000 0.000000 0.000000 1.000000
0.987959 0.110541 -0.108247 0.000000 -0.098056 0.988565 0.114564 10.181600 0.119673 -0.102570 0.987501 0.131500 0.000000 0.000000 0.000000 1.000000
0.987353 0.080988 -0.136293 0.000000 -0.063279 0.989546 0.129593 10.181600 0.145363 -0.119329 0.982156 0.131500 0.000000 0.000000 0.000000 1.000000
0.985634 0.050575 -0.161145 0.000000 -0.027421 0.989372 0.142795 10.181600 0.166654 -0.136325 0.976546 0.131500 0.000000 0.000000 0.000000 1.000000</float_array><technique_common><accessor source="#mixamorig_Spine-Matrix-animation-output-transform-array" count="72" stride="16"><param type="float4x4"/></accessor></technique_common></source><source id="mixamorig_Spine-Interpolations"><Name_array id="mixamorig_Spine-Interpolations-array" count="72">
 LINEAR LINEAR LINEAR LINEAR LINEAR LINEAR LINEAR LINEAR LINEAR LINEAR LINEAR
LINEAR LINEAR LINEAR LINEAR LINEAR LINEAR LINEAR LINEAR LINEAR LINEAR LINEAR LINEAR
LINEAR LINEAR LINEAR LINEAR LINEAR LINEAR LINEAR LINEAR LINEAR LINEAR LINEAR LINEAR
LINEAR LINEAR LINEAR LINEAR LINEAR LINEAR LINEAR LINEAR LINEAR LINEAR LINEAR LINEAR
LINEAR LINEAR LINEAR LINEAR LINEAR LINEAR LINEAR LINEAR LINEAR LINEAR LINEAR LINEAR
LINEAR LINEAR LINEAR LINEAR LINEAR LINEAR LINEAR LINEAR LINEAR LINEAR LINEAR LINEAR
LINEAR</Name_array><technique_common><accessor source="#mixamorig_Spine-Interpolations-array" count="72"><param type="name"/></accessor></technique_common></source><sampler id="mixamorig_Spine-Matrix-animation-transform"><input semantic="INPUT" source="#mixamorig_Spine-Matrix-animation-input"/><input semantic="OUTPUT" source="#mixamorig_Spine-Matrix-animation-output-transform"/><input semantic="INTERPOLATION" source="#mixamorig_Spine-Interpolations"/></sampler><channel source="#mixamorig_Spine-Matrix-animation-transform" target="mixamorig_Spine/matrix"/></animation>
    <animation id="mixamorig_Spine1-anim" name="mixamorig_Spine1"><source id="mixamorig_Spine1-Matrix-animation-input"><float_array id="mixamorig_Spine1-Matrix-animation-input-array" count="72">

0.000000 0.033333 0.066667 0.100000 0.133333 0.166667 0.200000 0.233333 0.266667 0.300000 0.333333 0.366667 0.400000 0.433333 0.466667 0.500000
0.533333 0.566667 0.600000 0.633333 0.666667 0.700000 0.733333 0.766667 0.800000 0.833333 0.866667 0.900000 0.933333 0.966667 1.000000 1.033333
1.066667 1.100000 1.133333 1.166667 1.200000 1.233333 1.266667 1.300000 1.333333 1.366667 1.400000 1.433333 1.466667 1.500000 1.533333 1.566667
1.600000 1.633333 1.666667 1.700000 1.733333 1.766667 1.800000 1.833333 1.866667 1.900000 1.933333 1.966667 2.000000 2.033333 2.066667 2.100000
2.133333 2.166667 2.200000 2.233333 2.266667 2.300000 2.333333 2.366667</float_array><technique_common><accessor source="#mixamorig_Spine1-Matrix-animation-input-array" count="72"><param name="TIME" type="float"/></accessor></technique_common></source><source id="mixamorig_Spine1-Matrix-animation-output-transform"><float_array id="mixamorig_Spine1-Matrix-animation-output-transform-array" count="1152">

0.995914 0.013212 0.089340 0.000000 -0.012465 0.999883 -0.008910 10.083500 -0.089447 0.007760 0.995961 -1.000800 0.000000 0.000000 0.000000 1.000000
0.995304 0.046896 0.084680 -0.000000 -0.047467 0.998862 0.004740 10.083500 -0.084361 -0.008737 0.996397 -1.000800 0.000000 0.000000 0.000000 1.000000
0.994500 0.074704 0.073408 0.000000 -0.073972 0.997180 -0.012635 10.083500 -0.074144 0.007135 0.997222 -1.000800 0.000000 0.000000 0.000000 1.000000
0.994586 0.083510 0.061845 -0.000000 -0.081391 0.996031 -0.036031 10.083500 -0.064609 0.030803 0.997435 -1.000800 0.000000 0.000000 0.000000 1.000000
0.995668 0.081405 0.044926 0.000000 -0.077481 0.993527 -0.083073 10.083500 -0.051398 0.079232 0.995530 -1.000800 0.000000 0.000000 0.000000 1.000000
0.997544 0.066507 0.021980 0.000000 -0.063257 0.990132 -0.125052 10.083500 -0.030080 0.123355 0.991907 -1.000800 0.000000 0.000000 0.000000 1.000000
0.999224 0.039346 -0.001549 -0.000000 -0.039012 0.983860 -0.174636 10.083500 -0.005347 0.174561 0.984632 -1.000800 0.000000 0.000000 0.000000 1.000000
0.999880 -0.004267 -0.014920 -0.000000 0.001495 0.983468 -0.181077 10.083500 0.015446 0.181033 0.983356 -1.000800 0.000000 0.000000 0.000000 1.000000
0.997322 -0.052153 -0.051276 0.000000 0.042373 0.983455 -0.176125 10.083500 0.059613 0.173481 0.983031 -1.000800 0.000000 0.000000 0.000000 1.000000
0.995448 -0.074765 -0.059110 0.000000 0.063874 0.983636 -0.168462 10.083500 0.070738 0.163919 0.983934 -1.000800 0.000000 0.000000 0.000000 1.000000
0.996092 -0.079397 -0.038697 0.000000 0.074172 0.989803 -0.121605 10.083500 0.047957 0.118259 0.991824 -1.000800 0.000000 0.000000 0.000000 1.000000
0.995131 -0.094995 -0.026283 -0.000000 0.092154 0.991319 -0.093780 10.083500 0.034964 0.090901 0.995246 -1.000800 0.000000 0.000000 0.000000 1.000000
0.993985 -0.102314 -0.039066 0.000000 0.100564 0.993939 -0.044418 10.083500 0.043374 0.040222 0.998249 -1.000800 0.000000 0.000000 0.000000 1.000000
0.995452 -0.081702 -0.048993 0.000000 0.080544 0.996433 -0.025168 10.083500 0.050875 0.021108 0.998482 -1.000800 0.000000 0.000000 0.000000 1.000000
0.997075 -0.050472 -0.057399 0.000000 0.049593 0.998631 -0.016643 10.083500 0.058161 0.013748 0.998213 -1.000800 0.000000 0.000000 0.000000 1.000000
0.997808 -0.018077 -0.063658 -0.000000 0.017613 0.999814 -0.007838 10.083500 0.063787 0.006699 0.997941 -1.000800 0.000000 0.000000 0.000000 1.000000
0.997721 0.005969 -0.067209 0.000000 -0.005174 0.999915 0.012001 10.083500 0.067275 -0.011626 0.997667 -1.000800 0.000000 0.000000 0.000000 1.000000
0.997875 0.006700 -0.064810 0.000000 -0.002733 0.998128 0.061104 10.083500 0.065098 -0.060797 0.996025 -1.000800 0.000000 0.000000 0.000000 1.000000
0.998241 -0.009838 -0.058463 0.000000 0.010897 0.999782 0.017820 10.083500 0.058275 -0.018426 0.998131 -1.000800 0.000000 0.000000 0.000000 1.000000
0.998448 -0.045094 -0.032667 0.000000 0.044494 0.998831 -0.018885 10.083500 0.033481 0.017402 0.999288 -1.000800 0.000000 0.000000 0.000000 1.000000
0.997070 -0.076024 -0.008474 0.000000 0.075850 0.996933 -0.019277 10.083500 0.009913 0.018577 0.999778 -1.000800 0.000000 0.000000 0.000000 1.000000
0.995549 -0.092322 0.018944 -0.000000 0.092896 0.995159 -0.032088 10.083500 -0.015890 0.033705 0.999305 -1.000800 0.000000 0.000000 0.000000 1.000000
0.994700 -0.097224 0.033449 0.000000 0.097875 0.995029 -0.018379 10.083500 -0.031496 0.021555 0.999271 -1.000800 0.000000 0.000000 0.000000 1.000000
0.995196 -0.091551 0.034682 0.000000 0.091659 0.995789 -0.001526 10.083500 -0.034397 0.004698 0.999397 -1.000800 0.000000 0.000000 0.000000 1.000000
0.996176 -0.083355 0.026197 0.000000 0.083141 0.996496 0.009154 10.083500 -0.026868 -0.006941 0.999615 -1.000800 0.000000 0.000000 0.000000 1.000000
0.995848 -0.089906 0.014247 0.000000 0.089707 0.995869 0.014023 10.083500 -0.015448 -0.012686 0.999800 -1.000800 0.000000 0.000000 0.000000 1.000000
0.994348 -0.106101 0.003943 0.000000 0.106059 0.994312 0.009782 10.083500 -0.004958 -0.009308 0.999944 -1.000800 0.000000 0.000000 0.000000 1.000000
0.994743 -0.101617 0.012674 0.000000 0.101483 0.994779 0.010783 10.083500 -0.013703 -0.009440 0.999862 -1.000800 0.000000 0.000000 0.000000 1.000000
0.995901 -0.087049 0.024589 -0.000000 0.086405 0.995918 0.026109 10.083500 -0.026762 -0.023878 0.999357 -1.000800 0.000000 0.000000 0.000000 1.000000
0.996118 -0.079187 0.038454 0.000000 0.077865 0.996358 0.034751 10.083500 -0.041065 -0.031622 0.998656 -1.000800 0.000000 0.000000 0.000000 1.000000
0.996617 -0.068791 0.044981 0.000000 0.066805 0.996785 0.044246 10.083500 -0.047880 -0.041091 0.998008 -1.000800 0.000000 0.000000 0.000000 1.000000
0.996453 -0.062524 0.056330 0.000000 0.059882 0.997078 0.047430 10.083500 -0.059131 -0.043888 0.997285 -1.000800 0.000000 0.000000 0.000000 1.000000
0.996143 -0.061426 0.062658 0.000000 0.057892 0.996709 0.056744 10.083500 -0.065937 -0.052898 0.996421 -1.000800 0.000000 0.000000 0.000000 1.000000
0.996363 -0.063512 0.056799 -0.000000 0.061478 0.997427 0.036863 10.083500 -0.058994 -0.033237 0.997705 -1.000800 0.000000 0.000000 0.000000 1.000000
0.997447 -0.054602 0.046028 0.000000 0.052200 0.997289 0.051857 10.083500 -0.048735 -0.049322 0.997593 -1.000800 0.000000 0.000000 0.000000 1.000000
0.996868 -0.055774 0.056058 0.000000 0.053864 0.997934 0.035022 10.083500 -0.057896 -0.031892 0.997813 -1.000800 0.000000 0.000000 0.000000 1.000000
0.996369 -0.058958 0.061420 0.000000 0.057078 0.997859 0.031926 10.083500 -0.063171 -0.028304 0.997601 -1.000800 0.000000 0.000000 0.000000 1.000000
0.997352 -0.052823 0.049982 0.000000 0.052115 0.998523 0.015362 10.083500 -0.050719 -0.012717 0.998632 -1.000800 0.000000 0.000000 0.000000 1.000000
0.998201 -0.039803 0.044831 0.000000 0.039477 0.999187 0.008152 10.083500 -0.045119 -0.006368 0.998961 -1.000800 0.000000 0.000000 0.000000 1.000000
0.997692 -0.040976 0.054149 0.000000 0.041474 0.999107 -0.008093 10.083500 -0.053769 0.010320 0.998500 -1.000800 0.000000 0.000000 0.000000 1.000000
0.996469 -0.059452 0.059288 0.000000 0.061475 0.997566 -0.032905 10.083500 -0.057188 0.036434 0.997698 -1.000800 0.000000 0.000000 0.000000 1.000000
0.997256 -0.073238 0.010799 0.000000 0.073908 0.993324 -0.088576 10.083500 -0.004240 0.089131 0.996011 -1.000800 0.000000 0.000000 0.000000 1.000000
0.997965 0.055387 -0.031596 0.000000 -0.061242 0.970547 -0.233000 10.083500 0.017761 0.234460 0.971963 -1.000800 0.000000 0.000000 0.000000 1.000000
0.994454 0.087561 -0.058258 0.000000 -0.101656 0.942288 -0.318997 10.083500 0.026964 0.323151 0.945963 -1.000800 0.000000 0.000000 0.000000 1.000000
0.995915 0.089220 -0.013913 0.000000 -0.089998 0.968176 -0.233527 10.083500 -0.007365 0.233825 0.972251 -1.000800 0.000000 0.000000 0.000000 1.000000
0.990983 0.130846 0.028829 0.000000 -0.122728 0.972793 -0.196496 10.083500 -0.053755 0.191187 0.980081 -1.000800 0.000000 0.000000 0.000000 1.000000
0.990628 0.133551 -0.028649 0.000000 -0.136260 0.980811 -0.139438 10.083500 0.009477 0.142035 0.989816 -1.000800 0.000000 0.000000 0.000000 1.000000
0.991363 0.131078 -0.004287 0.000000 -0.131024 0.988475 -0.075824 10.083500 -0.005702 0.075730 0.997112 -1.000800 0.000000 0.000000 0.000000 1.000000
0.996824 0.079147 -0.008778 0.000000 -0.079595 0.993676 -0.079200 10.083500 0.002454 0.079647 0.996820 -1.000800 0.000000 0.000000 0.000000 1.000000
0.999092 0.030219 -0.030028 0.000000 -0.033420 0.993084 -0.112549 10.083500 0.026419 0.113451 0.993192 -1.000800 0.000000 0.000000 0.000000 1.000000
0.998148 0.007249 -0.060394 0.000000 -0.016472 0.987988 -0.153650 10.083500 0.058555 0.154361 0.986278 -1.000800 0.000000 0.000000 0.000000 1.000000
0.996827 -0.012453 -0.078619 -0.000000 -0.002274 0.982827 -0.184513 10.083500 0.079566 0.184106 0.979681 -1.000800 0.000000 0.000000 0.000000 1.000000
0.997294 -0.031416 -0.066471 0.000000 0.018453 0.982126 -0.187316 10.083500 0.071167 0.185582 0.980048 -1.000800 0.000000 0.000000 0.000000 1.000000
0.998184 -0.040096 -0.044947 0.000000 0.031640 0.984033 -0.175150 10.083500 0.051252 0.173410 0.983515 -1.000800 0.000000 0.000000 0.000000 1.000000
0.998370 -0.055691 -0.012507 -0.000000 0.052766 0.984068 -0.169780 10.083500 0.021763 0.168844 0.985403 -1.000800 0.000000 0.000000 0.000000 1.000000
0.996925 -0.074514 0.024239 -0.000000 0.077565 0.982323 -0.170366 10.083500 -0.011116 0.171722 0.985083 -1.000800 0.000000 0.000000 0.000000 1.000000
0.994666 -0.088899 0.052305 0.000000 0.096681 0.980255 -0.172493 10.083500 -0.035938 0.176629 0.983621 -1.000800 0.000000 0.000000 0.000000 1.000000
0.993565 -0.095933 0.060207 -0.000000 0.105275 0.978293 -0.178494 10.083500 -0.041777 0.183683 0.982097 -1.000800 0.000000 0.000000 0.000000 1.000000
0.993761 -0.096536 0.055856 0.000000 0.105365 0.976813 -0.186373 10.083500 -0.036569 0.191095 0.980890 -1.000800 0.000000 0.000000 0.000000 1.000000
0.994979 -0.090567 0.042607 0.000000 0.097211 0.975783 -0.195954 10.083500 -0.023828 0.199112 0.979687 -1.000800 0.000000 0.000000 0.000000 1.000000
0.996825 -0.076570 0.021854 0.000000 0.079432 0.975429 -0.205496 10.083500 -0.005582 0.206579 0.978414 -1.000800 0.000000 0.000000 0.000000 1.000000
0.998302 -0.058249 -0.000377 -0.000000 0.056846 0.975632 -0.211922 10.083500 0.012713 0.211541 0.977286 -1.000800 0.000000 0.000000 0.000000 1.000000
0.999109 -0.039500 -0.014853 -0.000000 0.035523 0.977213 -0.209265 10.083500 0.022780 0.208551 0.977746 -1.000800 0.000000 0.000000 0.000000 1.000000
0.999455 -0.026266 -0.019973 -0.000000 0.021737 0.979481 -0.200363 10.083500 0.024826 0.199820 0.979518 -1.000800 0.000000 0.000000 0.000000 1.000000
0.999619 -0.019666 -0.019368 0.000000 0.015621 0.981568 -0.190474 10.083500 0.022757 0.190099 0.981501 -1.000800 0.000000 0.000000 0.000000 1.000000
0.999741 -0.016084 -0.016080 -0.000000 0.012924 0.983533 -0.180269 10.083500 0.018715 0.180014 0.983486 -1.000800 0.000000 0.000000 0.000000 1.000000
0.999837 -0.014270 -0.011060 0.000000 0.012182 0.985358 -0.170060 10.083500 0.013324 0.169897 0.985372 -1.000800 0.000000 0.000000 0.000000 1.000000
0.999866 -0.016250 -0.001913 0.000000 0.015737 0.987072 -0.159504 10.083500 0.004480 0.159453 0.987195 -1.000800 0.000000 0.000000 0.000000 1.000000
0.999829 -0.016918 0.007512 0.000000 0.017844 0.988827 -0.147993 10.083500 -0.004924 0.148102 0.988960 -1.000800 0.000000 0.000000 0.000000 1.000000
0.999800 -0.012496 0.015640 -0.000000 0.014512 0.990570 -0.136237 10.083500 -0.013790 0.136436 0.990553 -1.000800 0.000000 0.000000 0.000000 1.000000
0.999717 -0.004904 0.023287 0.000000 0.007768 0.992183 -0.124547 10.083500 -0.022494 0.124692 0.991940 -1.000800 0.000000 0.000000 0.000000 1.000000
0.999523 0.002407 0.030789 -0.000000 0.001096 0.993568 -0.113236 10.083500 -0.030864 0.113216 0.993091 -1.000800 0.000000 0.000000 0.000000 1.000000</float_array><technique_common><accessor source="#mixamorig_Spine1-Matrix-animation-output-transform-array" count="72" stride="16"><param type="float4x4"/></accessor></technique_common></source><source id="mixamorig_Spine1-Interpolations"><Name_array id="mixamorig_Spine1-Interpolations-array" count="72">
 LINEAR LINEAR LINEAR LINEAR LINEAR LINEAR LINEAR LINEAR LINEAR LINEAR LINEAR
LINEAR LINEAR LINEAR LINEAR LINEAR LINEAR LINEAR LINEAR LINEAR LINEAR LINEAR LINEAR
LINEAR LINEAR LINEAR LINEAR LINEAR LINEAR LINEAR LINEAR LINEAR LINEAR LINEAR LINEAR
LINEAR LINEAR LINEAR LINEAR LINEAR LINEAR LINEAR LINEAR LINEAR LINEAR LINEAR LINEAR
LINEAR LINEAR LINEAR LINEAR LINEAR LINEAR LINEAR LINEAR LINEAR LINEAR LINEAR LINEAR
LINEAR LINEAR LINEAR LINEAR LINEAR LINEAR LINEAR LINEAR LINEAR LINEAR LINEAR LINEAR
