<?xml version="1.0" encoding="utf-8"?>
<COLLADA xmlns="http://www.collada.org/2005/11/COLLADASchema" version="1.4.1">
  <asset><contributor><author>Mixamo</author><authoring_tool>COLLADA Mixamo exporter</authoring_tool><comments></comments></contributor><created>2018-10-03T11:34:03Z</created><modified>2018-10-03T11:34:03Z</modified><revision></revision><title></title><unit meter="0.010000"/><up_axis>Y_UP</up_axis></asset>
  <library_animations>
    <animation id="mixamorig_Hips-anim" name="mixamorig_Hips"><source id="mixamorig_Hips-Matrix-animation-input"><float_array id="mixamorig_Hips-Matrix-animation-input-array" count="60">

0.000000 0.033333 0.066667 0.100000 0.133333 0.166667 0.200000 0.233333 0.266667 0.300000 0.333333 0.366667 0.400000 0.433333 0.466667 0.500000
0.533333 0.566667 0.600000 0.633333 0.666667 0.700000 0.733333 0.766667 0.800000 0.833333 0.866667 0.900000 0.933333 0.966667 1.000000 1.033333
1.066667 1.100000 1.133333 1.166667 1.200000 1.233333 1.266667 1.300000 1.333333 1.366667 1.400000 1.433333 1.466667 1.500000 1.533333 1.566667
1.600000 1.633333 1.666667 1.700000 1.733333 1.766667 1.800000 1.833333 1.866667 1.900000 1.933333 1.966667</float_array><technique_common><accessor source="#mixamorig_Hips-Matrix-animation-input-array" count="60"><param name="TIME" type="float"/></accessor></technique_common></source><source id="mixamorig_Hips-Matrix-animation-output-transform"><float_array id="mixamorig_Hips-Matrix-animation-output-transform-array" count="960">

0.730073 0.051274 -0.681443 0.320186 0.002381 0.996984 0.077566 83.431313 0.683365 -0.058251 0.727749 -1.147315 0.000000 0.000000 0.000000 1.000000
0.729772 0.051519 -0.681747 0.331427 0.002383 0.996959 0.077889 83.438400 0.683686 -0.058466 0.727430 -1.156779 0.000000 0.000000 0.000000 1.000000
0.729559 0.051731 -0.681959 0.343744 0.002382 0.996937 0.078173 83.445854 0.683914 -0.058657 0.727201 -1.162433 0.000000 0.000000 0.000000 1.000000
0.729559 0.052081 -0.681932 0.355842 0.002219 0.996911 0.078511 83.454239 0.683914 -0.058792 0.727190 -1.161655 0.000000 0.000000 0.000000 1.000000
0.729841 0.052460 -0.681601 0.365250 0.002004 0.996883 0.078871 83.463791 0.683614 -0.058930 0.727461 -1.152334 0.000000 0.000000 0.000000 1.000000
0.730344 0.052856 -0.681031 0.370619 0.001840 0.996846 0.079340 83.474068 0.683077 -0.059199 0.727943 -1.134129 0.000000 0.000000 0.000000 1.000000
0.730914 0.053262 -0.680388 0.372314 0.001798 0.996796 0.079963 83.485443 0.682467 -0.059670 0.728476 -1.108388 0.000000 0.000000 0.000000 1.000000
0.731387 0.053678 -0.679847 0.371890 0.001832 0.996739 0.080669 83.499710 0.681960 -0.060246 0.728904 -1.076487 0.000000 0.000000 0.000000 1.000000
0.731667 0.053988 -0.679521 0.370701 0.001904 0.996693 0.081237 83.518623 0.681660 -0.060732 0.729144 -1.038858 0.000000 0.000000 0.000000 1.000000
0.731734 0.054175 -0.679434 0.370534 0.001957 0.996665 0.081577 83.541336 0.681588 -0.061022 0.729188 -0.995856 0.000000 0.000000 0.000000 1.000000
0.731616 0.054317 -0.679550 0.374103 0.001987 0.996647 0.081802 83.563843 0.681715 -0.061198 0.729054 -0.949195 0.000000 0.000000 0.000000 1.000000
0.731398 0.054540 -0.679767 0.383639 0.002023 0.996619 0.082138 83.581352 0.681948 -0.061451 0.728815 -0.902058 0.000000 0.000000 0.000000 1.000000
0.731270 0.054874 -0.679878 0.397865 0.002113 0.996572 0.082707 83.591980 0.682085 -0.061918 0.728647 -0.857313 0.000000 0.000000 0.000000 1.000000
0.731455 0.055265 -0.679647 0.411606 0.002257 0.996509 0.083459 83.598785 0.681887 -0.062581 0.728776 -0.815524 0.000000 0.000000 0.000000 1.000000
0.731990 0.055723 -0.679033 0.419702 0.002331 0.996439 0.084283 83.608139 0.681311 -0.063277 0.729254 -0.775571 0.000000 0.000000 0.000000 1.000000
0.732592 0.056172 -0.678346 0.421409 0.002279 0.996381 0.084968 83.624992 0.680664 -0.063793 0.729813 -0.736789 0.000000 0.000000 0.000000 1.000000
0.732865 0.056556 -0.678019 0.420534 0.002089 0.996347 0.085367 83.649483 0.680371 -0.063979 0.730070 -0.699878 0.000000 0.000000 0.000000 1.000000
0.732646 0.056825 -0.678233 0.421093 0.001842 0.996339 0.085467 83.677094 0.680607 -0.063867 0.729860 -0.665648 0.000000 0.000000 0.000000 1.000000
0.732147 0.057017 -0.678756 0.423951 0.001614 0.996342 0.085436 83.702194 0.681145 -0.063647 0.729377 -0.633550 0.000000 0.000000 0.000000 1.000000
0.731733 0.057196 -0.679188 0.427290 0.001449 0.996340 0.085465 83.721344 0.681590 -0.063522 0.728972 -0.601494 0.000000 0.000000 0.000000 1.000000
0.731620 0.057312 -0.679299 0.428827 0.001398 0.996332 0.085566 83.734734 0.681711 -0.063551 0.728856 -0.567031 0.000000 0.000000 0.000000 1.000000
0.731779 0.057419 -0.679119 0.427731 0.001407 0.996315 0.085754 83.745071 0.681540 -0.063708 0.729002 -0.528884 0.000000 0.000000 0.000000 1.000000
0.732060 0.057500 -0.678809 0.424419 0.001451 0.996298 0.085959 83.755089 0.681239 -0.063912 0.729266 -0.487768 0.000000 0.000000 0.000000 1.000000
0.732318 0.057493 -0.678532 0.419828 0.001555 0.996286 0.086095 83.765869 0.680961 -0.064104 0.729508 -0.446245 0.000000 0.000000 0.000000 1.000000
0.732446 0.057430 -0.678399 0.415129 0.001675 0.996281 0.086148 83.776207 0.680823 -0.064235 0.729625 -0.408011 0.000000 0.000000 0.000000 1.000000
0.732398 0.057313 -0.678460 0.411100 0.001785 0.996286 0.086088 83.784439 0.680874 -0.064261 0.729576 -0.376930 0.000000 0.000000 0.000000 1.000000
0.732185 0.057200 -0.678699 0.407713 0.001823 0.996299 0.085934 83.790215 0.681103 -0.064157 0.729371 -0.355550 0.000000 0.000000 0.000000 1.000000
0.731925 0.057053 -0.678992 0.403902 0.001809 0.996322 0.085667 83.794495 0.681383 -0.063930 0.729130 -0.344111 0.000000 0.000000 0.000000 1.000000
0.731722 0.056907 -0.679223 0.399149 0.001737 0.996350 0.085348 83.797432 0.681601 -0.063631 0.728953 -0.341206 0.000000 0.000000 0.000000 1.000000
0.731591 0.056821 -0.679372 0.394244 0.001609 0.996374 0.085067 83.796776 0.681742 -0.063327 0.728847 -0.345614 0.000000 0.000000 0.000000 1.000000
0.731508 0.056730 -0.679469 0.390500 0.001528 0.996394 0.084835 83.788994 0.681831 -0.063096 0.728784 -0.357220 0.000000 0.000000 0.000000 1.000000
0.731507 0.056676 -0.679475 0.388488 0.001498 0.996403 0.084724 83.772606 0.681833 -0.062994 0.728791 -0.376045 0.000000 0.000000 0.000000 1.000000
0.731665 0.056697 -0.679302 0.387151 0.001477 0.996401 0.084753 83.750999 0.681663 -0.063014 0.728948 -0.401064 0.000000 0.000000 0.000000 1.000000
0.731970 0.056764 -0.678968 0.384432 0.001421 0.996394 0.084835 83.731201 0.681335 -0.063061 0.729250 -0.430125 0.000000 0.000000 0.000000 1.000000
0.732272 0.056849 -0.678635 0.379138 0.001306 0.996391 0.084876 83.719376 0.681011 -0.063038 0.729555 -0.460970 0.000000 0.000000 0.000000 1.000000
0.732364 0.056710 -0.678548 0.372032 0.001249 0.996412 0.084624 83.716499 0.680913 -0.062824 0.729665 -0.492488 0.000000 0.000000 0.000000 1.000000
0.732147 0.056403 -0.678807 0.366090 0.001249 0.996453 0.084144 83.716698 0.681145 -0.062454 0.729480 -0.525469 0.000000 0.000000 0.000000 1.000000
0.731752 0.056086 -0.679259 0.363526 0.001275 0.996494 0.083653 83.711067 0.681570 -0.062079 0.729115 -0.561062 0.000000 0.000000 0.000000 1.000000
0.731464 0.055860 -0.679588 0.363166 0.001322 0.996521 0.083333 83.694275 0.681879 -0.061854 0.728845 -0.598478 0.000000 0.000000 0.000000 1.000000
0.731478 0.055718 -0.679585 0.361691 0.001387 0.996532 0.083197 83.668541 0.681864 -0.061799 0.728864 -0.634708 0.000000 0.000000 0.000000 1.000000
0.731724 0.055594 -0.679330 0.356860 0.001465 0.996538 0.083131 83.641464 0.681599 -0.061824 0.729109 -0.667035 0.000000 0.000000 0.000000 1.000000
0.731928 0.055420 -0.679125 0.348889 0.001574 0.996547 0.083019 83.620438 0.681380 -0.061832 0.729313 -0.695359 0.000000 0.000000 0.000000 1.000000
0.731857 0.055141 -0.679224 0.339500 0.001713 0.996569 0.082749 83.607559 0.681456 -0.061724 0.729251 -0.722147 0.000000 0.000000 0.000000 1.000000
0.731487 0.054819 -0.679648 0.330489 0.001854 0.996599 0.082378 83.599304 0.681853 -0.061518 0.728898 -0.751142 0.000000 0.000000 0.000000 1.000000
0.730983 0.054509 -0.680215 0.323123 0.001981 0.996631 0.081994 83.589951 0.682393 -0.061284 0.728412 -0.785399 0.000000 0.000000 0.000000 1.000000
0.730559 0.054267 -0.680690 0.317857 0.002052 0.996658 0.081660 83.575981 0.682847 -0.061054 0.728006 -0.825724 0.000000 0.000000 0.000000 1.000000
0.730341 0.054064 -0.680939 0.314030 0.002070 0.996683 0.081352 83.557655 0.683079 -0.060824 0.727807 -0.870493 0.000000 0.000000 0.000000 1.000000
0.730342 0.053844 -0.680956 0.310412 0.002068 0.996710 0.081029 83.538094 0.683079 -0.060587 0.727827 -0.916594 0.000000 0.000000 0.000000 1.000000
0.730494 0.053598 -0.680812 0.306414 0.002069 0.996737 0.080689 83.520927 0.682916 -0.060352 0.728000 -0.960925 0.000000 0.000000 0.000000 1.000000
0.730701 0.053323 -0.680612 0.302985 0.002097 0.996765 0.080344 83.507629 0.682695 -0.060135 0.728225 -1.001076 0.000000 0.000000 0.000000 1.000000
0.730841 0.052984 -0.680489 0.301965 0.002196 0.996795 0.079970 83.496857 0.682545 -0.059939 0.728382 -1.035018 0.000000 0.000000 0.000000 1.000000
0.730812 0.052613 -0.680548 0.304331 0.002342 0.996826 0.079579 83.486183 0.682575 -0.059751 0.728369 -1.061299 0.000000 0.000000 0.000000 1.000000
0.730599 0.052381 -0.680795 0.309426 0.002404 0.996850 0.079280 83.474319 0.682803 -0.059558 0.728171 -1.079774 0.000000 0.000000 0.000000 1.000000
0.730280 0.052252 -0.681147 0.314953 0.002408 0.996867 0.079054 83.462280 0.683144 -0.059372 0.727866 -1.092377 0.000000 0.000000 0.000000 1.000000
0.729987 0.052139 -0.681469 0.318870 0.002412 0.996883 0.078854 83.451683 0.683456 -0.059206 0.727586 -1.102036 0.000000 0.000000 0.000000 1.000000
0.729826 0.052014 -0.681651 0.320424 0.002413 0.996899 0.078654 83.443619 0.683628 -0.059049 0.727438 -1.111227 0.000000 0.000000 0.000000 1.000000
0.729837 0.051840 -0.681652 0.320011 0.002416 0.996919 0.078403 83.438171 0.683617 -0.058868 0.727463 -1.121075 0.000000 0.000000 0.000000 1.000000
0.729960 0.051602 -0.681539 0.318977 0.002421 0.996945 0.078075 83.434814 0.683485 -0.058641 0.727605 -1.131623 0.000000 0.000000 0.000000 1.000000
0.730053 0.051341 -0.681459 0.319294 0.002424 0.996973 0.077709 83.432480 0.683386 -0.058384 0.727719 -1.142332 0.000000 0.000000 0.000000 1.000000
0.730053 0.051216 -0.681469 0.319997 0.002426 0.996987 0.077528 83.431351 0.683386 -0.058253 0.727729 -1.147502 0.000000 0.000000 0.000000 1.000000</float_array><technique_common><accessor source="#mixamorig_Hips-Matrix-animation-output-transform-array" count="60" stride="16"><param type="float4x4"/></accessor></technique_common></source><source id="mixamorig_Hips-Interpolations"><Name_array id="mixamorig_Hips-Interpolations-array" count="60">
 LINEAR LINEAR LINEAR LINEAR LINEAR LINEAR LINEAR LINEAR LINEAR LINEAR LINEAR
LINEAR LINEAR LINEAR LINEAR LINEAR LINEAR LINEAR LINEAR LINEAR LINEAR LINEAR LINEAR
LINEAR LINEAR LINEAR LINEAR LINEAR LINEAR LINEAR LINEAR LINEAR LINEAR LINEAR LINEAR
LINEAR LINEAR LINEAR LINEAR LINEAR LINEAR LINEAR LINEAR LINEAR LINEAR LINEAR LINEAR
LINEAR LINEAR LINEAR LINEAR LINEAR LINEAR LINEAR LINEAR LINEAR LINEAR LINEAR LINEAR
LINEAR</Name_array><technique_common><accessor source="#mixamorig_Hips-Interpolations-array" count="60"><param type="name"/></accessor></technique_common></source><sampler id="mixamorig_Hips-Matrix-animation-transform"><input semantic="INPUT" source="#mixamorig_Hips-Matrix-animation-input"/><input semantic="OUTPUT" source="#mixamorig_Hips-Matrix-animation-output-transform"/><input semantic="INTERPOLATION" source="#mixamorig_Hips-Interpolations"/></sampler><channel source="#mixamorig_Hips-Matrix-animation-transform" target="mixamorig_Hips/matrix"/></animation>
    <animation id="mixamorig_Spine-anim" name="mixamorig_Spine"><source id="mixamorig_Spine-Matrix-animation-input"><float_array id="mixamorig_Spine-Matrix-animation-input-array" count="60">

0.000000 0.033333 0.066667 0.100000 0.133333 0.166667 0.200000 0.233333 0.266667 0.300000 0.333333 0.366667 0.400000 0.433333 0.466667 0.500000
0.533333 0.566667 0.600000 0.633333 0.666667 0.700000 0.733333 0.766667 0.800000 0.833333 0.866667 0.900000 0.933333 0.966667 1.000000 1.033333
1.066667 1.100000 1.133333 1.166667 1.200000 1.233333 1.266667 1.300000 1.333333 1.366667 1.400000 1.433333 1.466667 1.500000 1.533333 1.566667
1.600000 1.633333 1.666667 1.700000 1.733333 1.766667 1.800000 1.833333 1.866667 1.900000 1.933333 1.966667</float_array><technique_common><accessor source="#mixamorig_Spine-Matrix-animation-input-array" count="60"><param name="TIME" type="float"/></accessor></technique_common></source><source id="mixamorig_Spine-Matrix-animation-output-transform"><float_array id="mixamorig_Spine-Matrix-animation-output-transform-array" count="960">

0.996599 0.021498 0.079545 0.005100 -0.013372 0.994766 -0.101301 8.712000 -0.081307 0.099893 0.991671 -0.691000 0.000000 0.000000 0.000000 1.000000
0.996599 0.021489 0.079549 0.005100 -0.013367 0.994771 -0.101250 8.712000 -0.081309 0.099842 0.991676 -0.691000 0.000000 0.000000 0.000000 1.000000
0.996599 0.021459 0.079555 0.005100 -0.013346 0.994783 -0.101142 8.712000 -0.081310 0.099736 0.991686 -0.691000 0.000000 0.000000 0.000000 1.000000
0.996604 0.021386 0.079512 0.005100 -0.013292 0.994800 -0.100973 8.712000 -0.081258 0.099574 0.991707 -0.691000 0.000000 0.000000 0.000000 1.000000
0.996616 0.021272 0.079401 0.005100 -0.013208 0.994825 -0.100744 8.712000 -0.081133 0.099354 0.991739 -0.691000 0.000000 0.000000 0.000000 1.000000
0.996640 0.021085 0.079151 0.005100 -0.013069 0.994855 -0.100460 8.712000 -0.080861 0.099088 0.991788 -0.691000 0.000000 0.000000 0.000000 1.000000
0.996664 0.020903 0.078893 0.005100 -0.012939 0.994889 -0.100139 8.712000 -0.080583 0.098784 0.991841 -0.691000 0.000000 0.000000 0.000000 1.000000
0.996679 0.020754 0.078747 0.005100 -0.012835 0.994928 -0.099771 8.712000 -0.080419 0.098429 0.991889 -0.691000 0.000000 0.000000 0.000000 1.000000
0.996683 0.020634 0.078721 0.005100 -0.012752 0.994971 -0.099346 8.712000 -0.080375 0.098012 0.991934 -0.691000 0.000000 0.000000 0.000000 1.000000
0.996680 0.020530 0.078786 0.005100 -0.012682 0.995021 -0.098852 8.712000 -0.080423 0.097525 0.991978 -0.691000 0.000000 0.000000 0.000000 1.000000
0.996674 0.020431 0.078896 0.005100 -0.012614 0.995074 -0.098334 8.712000 -0.080516 0.097012 0.992021 -0.691000 0.000000 0.000000 0.000000 1.000000
0.996666 0.020327 0.079018 0.005100 -0.012537 0.995122 -0.097847 8.712000 -0.080622 0.096530 0.992059 -0.691000 0.000000 0.000000 0.000000 1.000000
0.996662 0.020204 0.079097 0.005100 -0.012443 0.995166 -0.097413 8.712000 -0.080683 0.096103 0.992096 -0.691000 0.000000 0.000000 0.000000 1.000000
0.996668 0.020051 0.079064 0.005100 -0.012326 0.995207 -0.097007 8.712000 -0.080631 0.095709 0.992138 -0.691000 0.000000 0.000000 0.000000 1.000000
0.996684 0.019860 0.078910 0.005100 -0.012184 0.995250 -0.096591 8.712000 -0.080453 0.095310 0.992191 -0.691000 0.000000 0.000000 0.000000 1.000000
0.996700 0.019659 0.078757 0.005100 -0.012035 0.995295 -0.096136 8.712000 -0.080277 0.094871 0.992248 -0.691000 0.000000 0.000000 0.000000 1.000000
0.996707 0.019470 0.078718 0.005100 -0.011889 0.995344 -0.095648 8.712000 -0.080214 0.094397 0.992298 -0.691000 0.000000 0.000000 0.000000 1.000000
0.996703 0.019324 0.078802 0.005100 -0.011774 0.995392 -0.095162 8.712000 -0.080278 0.093920 0.992338 -0.691000 0.000000 0.000000 0.000000 1.000000
0.996695 0.019210 0.078927 0.005100 -0.011686 0.995437 -0.094707 8.712000 -0.080386 0.093472 0.992371 -0.691000 0.000000 0.000000 0.000000 1.000000
0.996691 0.019103 0.079004 0.005100 -0.011603 0.995475 -0.094315 8.712000 -0.080448 0.093086 0.992403 -0.691000 0.000000 0.000000 0.000000 1.000000
0.996694 0.018994 0.079002 0.005100 -0.011524 0.995509 -0.093960 8.712000 -0.080432 0.092739 0.992437 -0.691000 0.000000 0.000000 0.000000 1.000000
0.996700 0.018898 0.078946 0.005100 -0.011461 0.995542 -0.093625 8.712000 -0.080363 0.092411 0.992473 -0.691000 0.000000 0.000000 0.000000 1.000000
0.996705 0.018821 0.078894 0.005100 -0.011414 0.995573 -0.093297 8.712000 -0.080301 0.092089 0.992508 -0.691000 0.000000 0.000000 0.000000 1.000000
0.996708 0.018764 0.078879 0.005100 -0.011384 0.995602 -0.092993 8.712000 -0.080277 0.091789 0.992537 -0.691000 0.000000 0.000000 0.000000 1.000000
0.996707 0.018727 0.078893 0.005100 -0.011366 0.995625 -0.092743 8.712000 -0.080284 0.091541 0.992560 -0.691000 0.000000 0.000000 0.000000 1.000000
0.996704 0.018716 0.078931 0.005100 -0.011365 0.995641 -0.092575 8.712000 -0.080319 0.091373 0.992572 -0.691000 0.000000 0.000000 0.000000 1.000000
0.996701 0.018742 0.078974 0.005100 -0.011391 0.995645 -0.092524 8.712000 -0.080364 0.091319 0.992574 -0.691000 0.000000 0.000000 0.000000 1.000000
0.996696 0.018806 0.079011 0.005100 -0.011445 0.995636 -0.092613 8.712000 -0.080408 0.091403 0.992562 -0.691000 0.000000 0.000000 0.000000 1.000000
0.996692 0.018893 0.079042 0.005100 -0.011512 0.995617 -0.092817 8.712000 -0.080450 0.091600 0.992541 -0.691000 0.000000 0.000000 0.000000 1.000000
0.996688 0.018988 0.079076 0.005100 -0.011583 0.995592 -0.093073 8.712000 -0.080495 0.091848 0.992514 -0.691000 0.000000 0.000000 0.000000 1.000000
0.996683 0.019081 0.079108 0.005100 -0.011650 0.995565 -0.093352 8.712000 -0.080538 0.092121 0.992485 -0.691000 0.000000 0.000000 0.000000 1.000000
0.996682 0.019167 0.079108 0.005100 -0.011709 0.995533 -0.093690 8.712000 -0.080550 0.092453 0.992454 -0.691000 0.000000 0.000000 0.000000 1.000000
0.996684 0.019242 0.079064 0.005100 -0.011754 0.995493 -0.094108 8.712000 -0.080519 0.092867 0.992417 -0.691000 0.000000 0.000000 0.000000 1.000000
0.996688 0.019310 0.078999 0.005100 -0.011792 0.995451 -0.094543 8.712000 -0.080466 0.093299 0.992381 -0.691000 0.000000 0.000000 0.000000 1.000000
0.996689 0.019383 0.078958 0.005100 -0.011837 0.995413 -0.094938 8.712000 -0.080436 0.093689 0.992347 -0.691000 0.000000 0.000000 0.000000 1.000000
0.996686 0.019477 0.078977 0.005100 -0.011902 0.995380 -0.095276 8.712000 -0.080467 0.094020 0.992313 -0.691000 0.000000 0.000000 0.000000 1.000000
0.996679 0.019591 0.079043 0.005100 -0.011984 0.995348 -0.095594 8.712000 -0.080548 0.094329 0.992277 -0.691000 0.000000 0.000000 0.000000 1.000000
0.996672 0.019710 0.079103 0.005100 -0.012070 0.995315 -0.095925 8.712000 -0.080623 0.094651 0.992240 -0.691000 0.000000 0.000000 0.000000 1.000000
0.996669 0.019804 0.079113 0.005100 -0.012132 0.995278 -0.096304 8.712000 -0.080647 0.095023 0.992203 -0.691000 0.000000 0.000000 0.000000 1.000000
0.996671 0.019857 0.079075 0.005100 -0.012157 0.995239 -0.096702 8.712000 -0.080618 0.095418 0.992167 -0.691000 0.000000 0.000000 0.000000 1.000000
0.996674 0.019924 0.079019 0.005100 -0.012199 0.995203 -0.097066 8.712000 -0.080574 0.095779 0.992136 -0.691000 0.000000 0.000000 0.000000 1.000000
0.996674 0.020020 0.078997 0.005100 -0.012272 0.995173 -0.097368 8.712000 -0.080565 0.096075 0.992108 -0.691000 0.000000 0.000000 0.000000 1.000000
0.996668 0.020141 0.079037 0.005100 -0.012368 0.995146 -0.097629 8.712000 -0.080620 0.096326 0.992079 -0.691000 0.000000 0.000000 0.000000 1.000000
0.996658 0.020277 0.079126 0.005100 -0.012474 0.995119 -0.097891 8.712000 -0.080725 0.096577 0.992047 -0.691000 0.000000 0.000000 0.000000 1.000000
0.996646 0.020426 0.079243 0.005100 -0.012587 0.995089 -0.098184 8.712000 -0.080859 0.096857 0.992008 -0.691000 0.000000 0.000000 0.000000 1.000000
0.996634 0.020565 0.079357 0.005100 -0.012689 0.995056 -0.098498 8.712000 -0.080990 0.097159 0.991968 -0.691000 0.000000 0.000000 0.000000 1.000000
0.996626 0.020685 0.079429 0.005100 -0.012776 0.995023 -0.098824 8.712000 -0.081078 0.097476 0.991930 -0.691000 0.000000 0.000000 0.000000 1.000000
0.996621 0.020791 0.079460 0.005100 -0.012852 0.994990 -0.099146 8.712000 -0.081124 0.097790 0.991895 -0.691000 0.000000 0.000000 0.000000 1.000000
0.996619 0.020884 0.079465 0.005100 -0.012919 0.994958 -0.099457 8.712000 -0.081141 0.098095 0.991864 -0.691000 0.000000 0.000000 0.000000 1.000000
0.996617 0.020968 0.079460 0.005100 -0.012980 0.994928 -0.099751 8.712000 -0.081149 0.098382 0.991835 -0.691000 0.000000 0.000000 0.000000 1.000000
0.996616 0.021047 0.079457 0.005100 -0.013036 0.994900 -0.100024 8.712000 -0.081157 0.098650 0.991807 -0.691000 0.000000 0.000000 0.000000 1.000000
0.996614 0.021121 0.079467 0.005100 -0.013088 0.994874 -0.100276 8.712000 -0.081178 0.098896 0.991781 -0.691000 0.000000 0.000000 0.000000 1.000000
0.996609 0.021173 0.079508 0.005100 -0.013119 0.994851 -0.100496 8.712000 -0.081226 0.099113 0.991755 -0.691000 0.000000 0.000000 0.000000 1.000000
0.996605 0.021204 0.079560 0.005100 -0.013129 0.994832 -0.100685 8.712000 -0.081284 0.099299 0.991732 -0.691000 0.000000 0.000000 0.000000 1.000000
0.996601 0.021232 0.079598 0.005100 -0.013139 0.994815 -0.100852 8.712000 -0.081326 0.099464 0.991712 -0.691000 0.000000 0.000000 0.000000 1.000000
0.996599 0.021277 0.079604 0.005100 -0.013170 0.994799 -0.101004 8.712000 -0.081339 0.099612 0.991696 -0.691000 0.000000 0.000000 0.000000 1.000000
0.996599 0.021324 0.079594 0.005100 -0.013208 0.994785 -0.101131 8.712000 -0.081335 0.099735 0.991684 -0.691000 0.000000 0.000000 0.000000 1.000000
0.996599 0.021366 0.079584 0.005100 -0.013243 0.994775 -0.101231 8.712000 -0.081331 0.099833 0.991675 -0.691000 0.000000 0.000000 0.000000 1.000000
0.996599 0.021391 0.079580 0.005100 -0.013261 0.994765 -0.101323 8.712000 -0.081331 0.099923 0.991666 -0.691000 0.000000 0.000000 0.000000 1.000000
0.996599 0.021402 0.079579 0.005100 -0.013269 0.994761 -0.101361 8.712000 -0.081331 0.099960 0.991662 -0.691000 0.000000 0.000000 0.000000 1.000000</float_array><technique_common><accessor source="#mixamorig_Spine-Matrix-animation-output-transform-array" count="60" stride="16"><param type="float4x4"/></accessor></technique_common></source><source id="mixamorig_Spine-Interpolations"><Name_array id="mixamorig_Spine-Interpolations-array" count="60">
 LINEAR LINEAR LINEAR LINEAR LINEAR LINEAR LINEAR LINEAR LINEAR LINEAR LINEAR
LINEAR LINEAR LINEAR LINEAR LINEAR LINEAR LINEAR LINEAR LINEAR LINEAR LINEAR LINEAR
LINEAR LINEAR LINEAR LINEAR LINEAR LINEAR LINEAR LINEAR LINEAR LINEAR LINEAR LINEAR
LINEAR LINEAR LINEAR LINEAR LINEAR LINEAR LINEAR LINEAR LINEAR LINEAR LINEAR LINEAR
LINEAR LINEAR LINEAR LINEAR LINEAR LINEAR LINEAR LINEAR LINEAR LINEAR LINEAR LINEAR
LINEAR</Name_array><technique_common><accessor source="#mixamorig_Spine-Interpolations-array" count="60"><param type="name"/></accessor></technique_common></source><sampler id="mixamorig_Spine-Matrix-animation-transform"><input semantic="INPUT" source="#mixamorig_Spine-Matrix-animation-input"/><input semantic="OUTPUT" source="#mixamorig_Spine-Matrix-animation-output-transform"/><input semantic="INTERPOLATION" source="#mixamorig_Spine-Interpolations"/></sampler><channel source="#mixamorig_Spine-Matrix-animation-transform" target="mixamorig_Spine/matrix"/></animation>
    <animation id="mixamorig_Spine1-anim" name="mixamorig_Spine1"><source id="mixamorig_Spine1-Matrix-animation-input"><float_array id="mixamorig_Spine1-Matrix-animation-input-array" count="60">

0.000000 0.033333 0.066667 0.100000 0.133333 0.166667 0.200000 0.233333 0.266667 0.300000 0.333333 0.366667 0.400000 0.433333 0.466667 0.500000
0.533333 0.566667 0.600000 0.633333 0.666667 0.700000 0.733333 0.766667 0.800000 0.833333 0.866667 0.900000 0.933333 0.966667 1.000000 1.033333
1.066667 1.100000 1.133333 1.166667 1.200000 1.233333 1.266667 1.300000 1.333333 1.366667 1.400000 1.433333 1.466667 1.500000 1.533333 1.566667
1.600000 1.633333 1.666667 1.700000 1.733333 1.766667 1.800000 1.833333 1.866667 1.900000 1.933333 1.966667</float_array><technique_common><accessor source="#mixamorig_Spine1-Matrix-animation-input-array" count="60"><param name="TIME" type="float"/></accessor></technique_common></source><source id="mixamorig_Spine1-Matrix-animation-output-transform"><float_array id="mixamorig_Spine1-Matrix-animation-output-transform-array" count="960">

0.986184 0.053092 0.156915 -0.009200 -0.020480 0.979057 -0.202553 8.660300 -0.164382 0.196541 0.966618 -1.275000 0.000000 0.000000 0.000000 1.000000
0.986184 0.053064 0.156923 -0.009200 -0.020467 0.979078 -0.202452 8.660300 -0.164382 0.196443 0.966638 -1.275000 0.000000 0.000000 0.000000 1.000000
0.986185 0.052995 0.156941 -0.009200 -0.020432 0.979124 -0.202237 8.660300 -0.164382 0.196236 0.966680 -1.275000 0.000000 0.000000 0.000000 1.000000
0.986204 0.052853 0.156871 -0.009200 -0.020362 0.979194 -0.201904 8.660300 -0.164278 0.195924 0.966761 -1.275000 0.000000 0.000000 0.000000 1.000000
0.986247 0.052629 0.156673 -0.009200 -0.020256 0.979290 -0.201448 8.660300 -0.164030 0.195504 0.966888 -1.275000 0.000000 0.000000 0.000000 1.000000
0.986341 0.052236 0.156217 -0.009200 -0.020054 0.979411 -0.200880 8.660300 -0.163493 0.195003 0.967080 -1.275000 0.000000 0.000000 0.000000 1.000000
0.986435 0.051839 0.155749 -0.009200 -0.019861 0.979546 -0.200238 8.660300 -0.162944 0.194429 0.967288 -1.275000 0.000000 0.000000 0.000000 1.000000
0.986492 0.051509 0.155501 -0.009200 -0.019706 0.979698 -0.199506 8.660300 -0.162621 0.193746 0.967480 -1.275000 0.000000 0.000000 0.000000 1.000000
0.986508 0.051242 0.155489 -0.009200 -0.019585 0.979872 -0.198663 8.660300 -0.162539 0.192938 0.967655 -1.275000 0.000000 0.000000 0.000000 1.000000
0.986494 0.051018 0.155650 -0.009200 -0.019494 0.980071 -0.197690 8.660300 -0.162634 0.191985 0.967828 -1.275000 0.000000 0.000000 0.000000 1.000000
0.986465 0.050809 0.155901 -0.009200 -0.019409 0.980278 -0.196668 8.660300 -0.162819 0.190980 0.967996 -1.275000 0.000000 0.000000 0.000000 1.000000
0.986433 0.050591 0.156173 -0.009200 -0.019301 0.980472 -0.195707 8.660300 -0.163024 0.190037 0.968147 -1.275000 0.000000 0.000000 0.000000 1.000000
0.986418 0.050325 0.156357 -0.009200 -0.019145 0.980647 -0.194845 8.660300 -0.163137 0.189205 0.968291 -1.275000 0.000000 0.000000 0.000000 1.000000
0.986440 0.049980 0.156330 -0.009200 -0.018944 0.980811 -0.194037 8.660300 -0.163028 0.188444 0.968458 -1.275000 0.000000 0.000000 0.000000 1.000000
0.986502 0.049557 0.156070 -0.009200 -0.018714 0.980980 -0.193206 8.660300 -0.162676 0.187678 0.968666 -1.275000 0.000000 0.000000 0.000000 1.000000
0.986563 0.049129 0.155817 -0.009200 -0.018489 0.981162 -0.192298 8.660300 -0.162329 0.186834 0.968887 -1.275000 0.000000 0.000000 0.000000 1.000000
0.986587 0.048753 0.155786 -0.009200 -0.018283 0.981355 -0.191332 8.660300 -0.162209 0.185917 0.969084 -1.275000 0.000000 0.000000 0.000000 1.000000
0.986569 0.048478 0.155985 -0.009200 -0.018132 0.981545 -0.190371 8.660300 -0.162335 0.184985 0.969241 -1.275000 0.000000 0.000000 0.000000 1.000000
0.986537 0.048268 0.156255 -0.009200 -0.018022 0.981720 -0.189475 8.660300 -0.162544 0.184108 0.969373 -1.275000 0.000000 0.000000 0.000000 1.000000
0.986518 0.048061 0.156433 -0.009200 -0.017913 0.981872 -0.188699 8.660300 -0.162667 0.183353 0.969495 -1.275000 0.000000 0.000000 0.000000 1.000000
0.986527 0.047835 0.156452 -0.009200 -0.017802 0.982008 -0.187996 8.660300 -0.162630 0.182678 0.969629 -1.275000 0.000000 0.000000 0.000000 1.000000
0.986550 0.047624 0.156368 -0.009200 -0.017719 0.982137 -0.187331 8.660300 -0.162497 0.182041 0.969771 -1.275000 0.000000 0.000000 0.000000 1.000000
0.986570 0.047449 0.156293 -0.009200 -0.017667 0.982262 -0.186682 8.660300 -0.162378 0.181413 0.969909 -1.275000 0.000000 0.000000 0.000000 1.000000
0.986578 0.047315 0.156288 -0.009200 -0.017636 0.982376 -0.186082 8.660300 -0.162338 0.180828 0.970025 -1.275000 0.000000 0.000000 0.000000 1.000000
0.986575 0.047223 0.156333 -0.009200 -0.017618 0.982470 -0.185588 8.660300 -0.162356 0.180342 0.970112 -1.275000 0.000000 0.000000 0.000000 1.000000
0.986563 0.047189 0.156417 -0.009200 -0.017624 0.982532 -0.185256 8.660300 -0.162427 0.180010 0.970162 -1.275000 0.000000 0.000000 0.000000 1.000000
0.986547 0.047238 0.156502 -0.009200 -0.017674 0.982550 -0.185158 8.660300 -0.162518 0.179901 0.970167 -1.275000 0.000000 0.000000 0.000000 1.000000
0.986530 0.047378 0.156566 -0.009200 -0.017772 0.982514 -0.185339 8.660300 -0.162609 0.180060 0.970122 -1.275000 0.000000 0.000000 0.000000 1.000000
0.986514 0.047577 0.156612 -0.009200 -0.017893 0.982435 -0.185746 8.660300 -0.162698 0.180439 0.970037 -1.275000 0.000000 0.000000 0.000000 1.000000
0.986495 0.047802 0.156659 -0.009200 -0.018022 0.982336 -0.186257 8.660300 -0.162795 0.180918 0.969931 -1.275000 0.000000 0.000000 0.000000 1.000000
0.986478 0.048017 0.156699 -0.009200 -0.018136 0.982228 -0.186815 8.660300 -0.162884 0.181447 0.969817 -1.275000 0.000000 0.000000 0.000000 1.000000
0.986473 0.048209 0.156676 -0.009200 -0.018218 0.982099 -0.187484 8.660300 -0.162909 0.182094 0.969692 -1.275000 0.000000 0.000000 0.000000 1.000000
0.986482 0.048378 0.156565 -0.009200 -0.018268 0.981940 -0.188310 8.660300 -0.162848 0.182904 0.969550 -1.275000 0.000000 0.000000 0.000000 1.000000
0.986498 0.048536 0.156414 -0.009200 -0.018310 0.981774 -0.189169 8.660300 -0.162745 0.183751 0.969407 -1.275000 0.000000 0.000000 0.000000 1.000000
0.986506 0.048712 0.156312 -0.009200 -0.018373 0.981622 -0.189950 8.660300 -0.162692 0.184515 0.969271 -1.275000 0.000000 0.000000 0.000000 1.000000
0.986493 0.048927 0.156327 -0.009200 -0.018472 0.981490 -0.190621 8.660300 -0.162760 0.185159 0.969136 -1.275000 0.000000 0.000000 0.000000 1.000000
0.986464 0.049179 0.156432 -0.009200 -0.018596 0.981365 -0.191252 8.660300 -0.162922 0.185755 0.968995 -1.275000 0.000000 0.000000 0.000000 1.000000
0.986437 0.049434 0.156520 -0.009200 -0.018723 0.981234 -0.191911 8.660300 -0.163069 0.186378 0.968851 -1.275000 0.000000 0.000000 0.000000 1.000000
0.986429 0.049634 0.156508 -0.009200 -0.018798 0.981086 -0.192660 8.660300 -0.163110 0.187103 0.968704 -1.275000 0.000000 0.000000 0.000000 1.000000
0.986439 0.049748 0.156405 -0.009200 -0.018798 0.980931 -0.193443 8.660300 -0.163046 0.187879 0.968565 -1.275000 0.000000 0.000000 0.000000 1.000000
0.986454 0.049882 0.156270 -0.009200 -0.018837 0.980789 -0.194159 8.660300 -0.162953 0.188586 0.968443 -1.275000 0.000000 0.000000 0.000000 1.000000
0.986455 0.050069 0.156206 -0.009200 -0.018935 0.980669 -0.194758 8.660300 -0.162938 0.189162 0.968333 -1.275000 0.000000 0.000000 0.000000 1.000000
0.986434 0.050307 0.156260 -0.009200 -0.019074 0.980563 -0.195276 8.660300 -0.163047 0.189646 0.968220 -1.275000 0.000000 0.000000 0.000000 1.000000
0.986397 0.050582 0.156407 -0.009200 -0.019231 0.980456 -0.195798 8.660300 -0.163254 0.190126 0.968091 -1.275000 0.000000 0.000000 0.000000 1.000000
0.986350 0.050887 0.156604 -0.009200 -0.019398 0.980336 -0.196380 8.660300 -0.163518 0.190662 0.967941 -1.275000 0.000000 0.000000 0.000000 1.000000
0.986305 0.051178 0.156793 -0.009200 -0.019544 0.980208 -0.197005 8.660300 -0.163772 0.191243 0.967784 -1.275000 0.000000 0.000000 0.000000 1.000000
0.986274 0.051431 0.156903 -0.009200 -0.019664 0.980075 -0.197653 8.660300 -0.163942 0.191855 0.967634 -1.275000 0.000000 0.000000 0.000000 1.000000
0.986257 0.051655 0.156936 -0.009200 -0.019771 0.979944 -0.198291 8.660300 -0.164031 0.192463 0.967498 -1.275000 0.000000 0.000000 0.000000 1.000000
0.986249 0.051851 0.156920 -0.009200 -0.019865 0.979817 -0.198906 8.660300 -0.164066 0.193054 0.967374 -1.275000 0.000000 0.000000 0.000000 1.000000
0.986245 0.052024 0.156889 -0.009200 -0.019945 0.979698 -0.199486 8.660300 -0.164082 0.193613 0.967260 -1.275000 0.000000 0.000000 0.000000 1.000000
0.986241 0.052178 0.156863 -0.009200 -0.020012 0.979586 -0.200026 8.660300 -0.164098 0.194135 0.967152 -1.275000 0.000000 0.000000 0.000000 1.000000
0.986234 0.052314 0.156863 -0.009200 -0.020063 0.979484 -0.200521 8.660300 -0.164135 0.194613 0.967050 -1.275000 0.000000 0.000000 0.000000 1.000000
0.986218 0.052421 0.156925 -0.009200 -0.020083 0.979395 -0.200955 8.660300 -0.164225 0.195034 0.966950 -1.275000 0.000000 0.000000 0.000000 1.000000
0.986201 0.052491 0.157009 -0.009200 -0.020072 0.979318 -0.201327 8.660300 -0.164330 0.195397 0.966859 -1.275000 0.000000 0.000000 0.000000 1.000000
0.986188 0.052553 0.157069 -0.009200 -0.020066 0.979251 -0.201655 8.660300 -0.164408 0.195718 0.966781 -1.275000 0.000000 0.000000 0.000000 1.000000
0.986184 0.052649 0.157067 -0.009200 -0.020110 0.979188 -0.201955 8.660300 -0.164431 0.196006 0.966718 -1.275000 0.000000 0.000000 0.000000 1.000000
0.986183 0.052746 0.157036 -0.009200 -0.020170 0.979135 -0.202206 8.660300 -0.164425 0.196245 0.966671 -1.275000 0.000000 0.000000 0.000000 1.000000
0.986183 0.052829 0.157009 -0.009200 -0.020224 0.979093 -0.202405 8.660300 -0.164419 0.196433 0.966633 -1.275000 0.000000 0.000000 0.000000 1.000000
0.986183 0.052881 0.156995 -0.009200 -0.020248 0.979055 -0.202586 8.660300 -0.164420 0.196608 0.966598 -1.275000 0.000000 0.000000 0.000000 1.000000
0.986182 0.052902 0.156989 -0.009200 -0.020257 0.979039 -0.202661 8.660300 -0.164419 0.196681 0.966583 -1.275000 0.000000 0.000000 0.000000 1.000000</float_array><technique_common><accessor source="#mixamorig_Spine1-Matrix-animation-output-transform-array" count="60" stride="16"><param type="float4x4"/></accessor></technique_common></source><source id="mixamorig_Spine1-Interpolations"><Name_array id="mixamorig_Spine1-Interpolations-array" count="60">
 LINEAR LINEAR LINEAR LINEAR LINEAR LINEAR LINEAR LINEAR LINEAR LINEAR LINEAR
LINEAR LINEAR LINEAR LINEAR LINEAR LINEAR LINEAR LINEAR LINEAR LINEAR LINEAR LINEAR
LINEAR LINEAR LINEAR LINEAR LINEAR LINEAR LINEAR LINEAR LINEAR LINEAR LINEAR LINEAR
LINEAR LINEAR LINEAR LINEAR LINEAR LINEAR LINEAR LINEAR LINEAR LINEAR LINEAR LINEAR
LINEAR LINEAR LINEAR LINEAR LINEAR LINEAR LINEAR LINEAR LINEAR LINEAR LINEAR LINEAR
LINEAR</Name_array><technique_common><accessor source="#mixamorig_Spine1-Interpolations-array" count="60"><param type="name"/></accessor></technique_common></source><sampler id="mixamorig_Spine1-Matrix-animation-transform"><input semantic="INPUT" source="#mixamorig_Spine1-Matrix-animation-input"/><input semantic="OUTPUT" source="#mixamorig_Spine1-Matrix-animation-output-transform"/><input semantic="INTERPOLATION" source="#mixamorig_Spine1-Interpolations"/></sampler><channel source="#mixamorig_Spine1-Matrix-animation-transform" target="mixamorig_Spine1/matrix"/></animation>
    <animation id="mixamorig_Spine2-anim" name="mixamorig_Spine2"><source id="mixamorig_Spine2-Matrix-animation-input"><float_array id="mixamorig_Spine2-Matrix-animation-input-array" count="60">

0.000000 0.033333 0.066667 0.100000 0.133333 0.166667 0.200000 0.233333 0.266667 0.300000 0.333333 0.366667 0.400000 0.433333 0.466667 0.500000
0.533333 0.566667 0.600000 0.633333 0.666667 0.700000 0.733333 0.766667 0.800000 0.833333 0.866667 0.900000 0.933333 0.966667 1.000000 1.033333
1.066667 1.100000 1.133333 1.166667 1.200000 1.233333 1.266667 1.300000 1.333333 1.366667 1.400000 1.433333 1.466667 1.500000 1.533333 1.566667
1.600000 1.633333 1.666667 1.700000 1.733333 1.766667 1.800000 1.833333 1.866667 1.900000 1.933333 1.966667</float_array><technique_common><accessor source="#mixamorig_Spine2-Matrix-animation-input-array" count="60"><param name="TIME" type="float"/></accessor></technique_common></source><source id="mixamorig_Spine2-Matrix-animation-output-transform"><float_array id="mixamorig_Spine2-Matrix-animation-output-transform-array" count="960">

0.986184 0.053092 0.156915 0.006300 -0.020480 0.979057 -0.202553 9.852500 -0.164382 0.196541 0.966618 -1.857000 0.000000 0.000000 0.000000 1.000000
0.986184 0.053064 0.156923 0.006300 -0.020467 0.979078 -0.202452 9.852500 -0.164382 0.196443 0.966638 -1.857000 0.000000 0.000000 0.000000 1.000000
0.986185 0.052995 0.156941 0.006300 -0.020432 0.979123 -0.202237 9.852500 -0.164382 0.196236 0.966680 -1.857000 0.000000 0.000000 0.000000 1.000000
0.986204 0.052853 0.156870 0.006300 -0.020361 0.979194 -0.201904 9.852500 -0.164278 0.195924 0.966761 -1.857000 0.000000 0.000000 0.000000 1.000000
0.986247 0.052629 0.156673 0.006300 -0.020256 0.979290 -0.201448 9.852500 -0.164030 0.195504 0.966888 -1.857000 0.000000 0.000000 0.000000 1.000000
0.986341 0.052236 0.156217 0.006300 -0.020054 0.979411 -0.200880 9.852500 -0.163493 0.195003 0.967080 -1.857000 0.000000 0.000000 0.000000 1.000000
0.986435 0.051839 0.155749 0.006300 -0.019861 0.979546 -0.200238 9.852500 -0.162944 0.194429 0.967288 -1.857000 0.000000 0.000000 0.000000 1.000000
0.986492 0.051509 0.155501 0.006300 -0.019706 0.979699 -0.199506 9.852500 -0.162621 0.193746 0.967480 -1.857000 0.000000 0.000000 0.000000 1.000000
0.986508 0.051242 0.155489 0.006300 -0.019585 0.979872 -0.198663 9.852500 -0.162539 0.192938 0.967655 -1.857000 0.000000 0.000000 0.000000 1.000000
0.986494 0.051018 0.155651 0.006300 -0.019494 0.980071 -0.197690 9.852500 -0.162634 0.191985 0.967828 -1.857000 0.000000 0.000000 0.000000 1.000000
0.986465 0.050809 0.155901 0.006300 -0.019409 0.980278 -0.196668 9.852500 -0.162819 0.190980 0.967996 -1.857000 0.000000 0.000000 0.000000 1.000000
0.986433 0.050591 0.156173 0.006300 -0.019301 0.980472 -0.195707 9.852500 -0.163024 0.190038 0.968147 -1.857000 0.000000 0.000000 0.000000 1.000000
0.986418 0.050324 0.156357 0.006300 -0.019145 0.980647 -0.194845 9.852500 -0.163137 0.189205 0.968291 -1.857000 0.000000 0.000000 0.000000 1.000000
0.986440 0.049980 0.156330 0.006300 -0.018944 0.980811 -0.194037 9.852500 -0.163028 0.188444 0.968458 -1.857000 0.000000 0.000000 0.000000 1.000000
0.986502 0.049557 0.156070 0.006300 -0.018714 0.980980 -0.193206 9.852500 -0.162676 0.187678 0.968666 -1.857000 0.000000 0.000000 0.000000 1.000000
0.986563 0.049129 0.155817 0.006300 -0.018489 0.981162 -0.192298 9.852500 -0.162329 0.186834 0.968887 -1.857000 0.000000 0.000000 0.000000 1.000000
0.986587 0.048753 0.155786 0.006300 -0.018283 0.981355 -0.191332 9.852500 -0.162209 0.185917 0.969084 -1.857000 0.000000 0.000000 0.000000 1.000000
0.986569 0.048478 0.155985 0.006300 -0.018132 0.981545 -0.190370 9.852500 -0.162335 0.184985 0.969241 -1.857000 0.000000 0.000000 0.000000 1.000000
0.986537 0.048268 0.156255 0.006300 -0.018022 0.981720 -0.189475 9.852500 -0.162545 0.184108 0.969373 -1.857000 0.000000 0.000000 0.000000 1.000000
0.986519 0.048061 0.156433 0.006300 -0.017913 0.981872 -0.188699 9.852500 -0.162666 0.183353 0.969495 -1.857000 0.000000 0.000000 0.000000 1.000000
0.986527 0.047835 0.156452 0.006300 -0.017802 0.982008 -0.187996 9.852500 -0.162630 0.182678 0.969629 -1.857000 0.000000 0.000000 0.000000 1.000000
0.986550 0.047624 0.156368 0.006300 -0.017719 0.982137 -0.187331 9.852500 -0.162497 0.182041 0.969771 -1.857000 0.000000 0.000000 0.000000 1.000000
0.986570 0.047449 0.156293 0.006300 -0.017667 0.982262 -0.186682 9.852500 -0.162378 0.181413 0.969909 -1.857000 0.000000 0.000000 0.000000 1.000000
0.986578 0.047315 0.156287 0.006300 -0.017636 0.982376 -0.186082 9.852500 -0.162337 0.180828 0.970025 -1.857000 0.000000 0.000000 0.000000 1.000000
0.986575 0.047223 0.156333 0.006300 -0.017618 0.982470 -0.185587 9.852500 -0.162356 0.180342 0.970112 -1.857000 0.000000 0.000000 0.000000 1.000000
0.986563 0.047189 0.156417 0.006300 -0.017624 0.982532 -0.185256 9.852500 -0.162427 0.180010 0.970162 -1.857000 0.000000 0.000000 0.000000 1.000000
0.986547 0.047238 0.156502 0.006300 -0.017674 0.982550 -0.185158 9.852500 -0.162518 0.179901 0.970167 -1.857000 0.000000 0.000000 0.000000 1.000000
0.986530 0.047379 0.156566 0.006300 -0.017772 0.982514 -0.185339 9.852500 -0.162609 0.180060 0.970122 -1.857000 0.000000 0.000000 0.000000 1.000000
0.986514 0.047577 0.156612 0.006300 -0.017893 0.982435 -0.185746 9.852500 -0.162698 0.180439 0.970037 -1.857000 0.000000 0.000000 0.000000 1.000000
0.986495 0.047802 0.156659 0.006300 -0.018022 0.982336 -0.186257 9.852500 -0.162795 0.180918 0.969931 -1.857000 0.000000 0.000000 0.000000 1.000000
0.986478 0.048017 0.156699 0.006300 -0.018136 0.982228 -0.186814 9.852500 -0.162884 0.181447 0.969817 -1.857000 0.000000 0.000000 0.000000 1.000000
