<?xml version="1.0" encoding="utf-8"?>
<COLLADA xmlns="http://www.collada.org/2005/11/COLLADASchema" version="1.4.1">
  <asset><contributor><author>Mixamo</author><authoring_tool>COLLADA Mixamo exporter</authoring_tool><comments></comments></contributor><created>2018-10-14T12:43:47Z</created><modified>2018-10-14T12:43:47Z</modified><revision></revision><title></title><unit meter="0.010000"/><up_axis>Y_UP</up_axis></asset>
  <library_animations>
    <animation id="mixamorig_Hips-anim" name="mixamorig_Hips"><source id="mixamorig_Hips-Matrix-animation-input"><float_array id="mixamorig_Hips-Matrix-animation-input-array" count="36">

0.000000 0.033333 0.066667 0.100000 0.133333 0.166667 0.200000 0.233333 0.266667 0.300000 0.333333 0.366667 0.400000 0.433333 0.466667 0.500000
0.533333 0.566667 0.600000 0.633333 0.666667 0.700000 0.733333 0.766667 0.800000 0.833333 0.866667 0.900000 0.933333 0.966667 1.000000 1.033333
1.066667 1.100000 1.133333 1.166667</float_array><technique_common><accessor source="#mixamorig_Hips-Matrix-animation-input-array" count="36"><param name="TIME" type="float"/></accessor></technique_common></source><source id="mixamorig_Hips-Matrix-animation-output-transform"><float_array id="mixamorig_Hips-Matrix-animation-output-transform-array" count="576">

0.995348 0.093229 0.024307 0.469980 -0.093623 0.995486 0.015585 101.651787 -0.022745 -0.017788 0.999583 1.555950 0.000000 0.000000 0.000000 1.000000
0.995325 0.093479 0.024305 -0.196672 -0.093872 0.995462 0.015585 101.468391 -0.022738 -0.017793 0.999583 2.181525 0.000000 0.000000 0.000000 1.000000
0.995303 0.093717 0.024284 -0.911763 -0.094110 0.995440 0.015586 101.297646 -0.022712 -0.017799 0.999584 2.554928 0.000000 0.000000 0.000000 1.000000
0.995290 0.093862 0.024233 -1.634541 -0.094255 0.995426 0.015591 101.145851 -0.022658 -0.017802 0.999585 2.636493 0.000000 0.000000 0.000000 1.000000
0.995295 0.093835 0.024151 -2.321510 -0.094226 0.995429 0.015599 101.018639 -0.022577 -0.017801 0.999587 2.417158 0.000000 0.000000 0.000000 1.000000
0.995313 0.093668 0.024050 -2.934378 -0.094057 0.995444 0.015608 100.917244 -0.022479 -0.017797 0.999589 1.940619 0.000000 0.000000 0.000000 1.000000
0.995324 0.093580 0.023936 -3.442928 -0.093968 0.995453 0.015618 100.839188 -0.022365 -0.017794 0.999591 1.275026 0.000000 0.000000 0.000000 1.000000
0.995307 0.093792 0.023797 -3.821432 -0.094178 0.995433 0.015631 100.782410 -0.022222 -0.017798 0.999595 0.470470 0.000000 0.000000 0.000000 1.000000
0.995257 0.094367 0.023624 -4.047831 -0.094750 0.995378 0.015646 100.743408 -0.022038 -0.017810 0.999598 -0.458398 0.000000 0.000000 0.000000 1.000000
0.995167 0.095366 0.023429 -4.103106 -0.095746 0.995283 0.015664 100.708321 -0.021824 -0.017832 0.999603 -1.511320 0.000000 0.000000 0.000000 1.000000
0.995028 0.096844 0.023265 -3.962997 -0.097221 0.995139 0.015680 100.663872 -0.021633 -0.017864 0.999606 -2.671618 0.000000 0.000000 0.000000 1.000000
0.994873 0.098428 0.023248 -3.588101 -0.098805 0.994983 0.015682 100.622925 -0.021588 -0.017899 0.999607 -3.895000 0.000000 0.000000 0.000000 1.000000
0.994782 0.099289 0.023453 -2.934618 -0.099670 0.994897 0.015664 100.622627 -0.021778 -0.017920 0.999602 -5.114499 0.000000 0.000000 0.000000 1.000000
0.994807 0.098960 0.023788 -1.988196 -0.099347 0.994930 0.015633 100.684883 -0.022120 -0.017915 0.999595 -6.256364 0.000000 0.000000 0.000000 1.000000
0.994911 0.097833 0.024085 -0.783770 -0.098224 0.995042 0.015605 100.790031 -0.022438 -0.017892 0.999588 -7.260139 0.000000 0.000000 0.000000 1.000000
0.995039 0.096489 0.024248 0.616033 -0.096882 0.995174 0.015590 100.905479 -0.022627 -0.017862 0.999584 -8.073811 0.000000 0.000000 0.000000 1.000000
0.995150 0.095330 0.024283 2.156889 -0.095723 0.995286 0.015587 101.017967 -0.022682 -0.017836 0.999584 -8.638166 0.000000 0.000000 0.000000 1.000000
0.995232 0.094477 0.024243 3.800059 -0.094869 0.995368 0.015591 101.123871 -0.022658 -0.017816 0.999585 -8.895596 0.000000 0.000000 0.000000 1.000000
0.995299 0.093778 0.024193 5.502071 -0.094170 0.995434 0.015595 101.223404 -0.022620 -0.017800 0.999586 -8.816185 0.000000 0.000000 0.000000 1.000000
0.995365 0.093076 0.024180 7.200655 -0.093467 0.995500 0.015596 101.319885 -0.022619 -0.017784 0.999586 -8.408861 0.000000 0.000000 0.000000 1.000000
0.995431 0.092367 0.024208 8.819917 -0.092759 0.995566 0.015594 101.413651 -0.022661 -0.017768 0.999585 -7.708432 0.000000 0.000000 0.000000 1.000000
0.995492 0.091694 0.024261 10.279314 -0.092087 0.995629 0.015589 101.498924 -0.022725 -0.017753 0.999584 -6.763353 0.000000 0.000000 0.000000 1.000000
0.995536 0.091194 0.024319 11.498655 -0.091587 0.995675 0.015584 101.571114 -0.022793 -0.017741 0.999583 -5.636582 0.000000 0.000000 0.000000 1.000000
0.995567 0.090843 0.024371 12.401031 -0.091238 0.995707 0.015579 101.628609 -0.022851 -0.017733 0.999582 -4.399191 0.000000 0.000000 0.000000 1.000000
0.995583 0.090653 0.024420 12.875558 -0.091048 0.995725 0.015575 101.667847 -0.022904 -0.017729 0.999580 -3.090070 0.000000 0.000000 0.000000 1.000000
0.995582 0.090653 0.024473 12.860831 -0.091049 0.995725 0.015570 101.688179 -0.022957 -0.017729 0.999579 -1.751280 0.000000 0.000000 0.000000 1.000000
0.995563 0.090844 0.024529 12.388056 -0.091241 0.995707 0.015565 101.695450 -0.023010 -0.017734 0.999578 -0.453059 0.000000 0.000000 0.000000 1.000000
0.995533 0.091154 0.024586 11.511415 -0.091552 0.995679 0.015560 101.696014 -0.023061 -0.017742 0.999577 0.718008 0.000000 0.000000 0.000000 1.000000
0.995497 0.091535 0.024632 10.301754 -0.091934 0.995644 0.015555 101.693657 -0.023101 -0.017750 0.999576 1.665004 0.000000 0.000000 0.000000 1.000000
0.995458 0.091947 0.024660 8.848685 -0.092346 0.995606 0.015553 101.688461 -0.023121 -0.017759 0.999575 2.325909 0.000000 0.000000 0.000000 1.000000
0.995422 0.092346 0.024661 7.255956 -0.092745 0.995568 0.015553 101.681099 -0.023115 -0.017769 0.999575 2.706091 0.000000 0.000000 0.000000 1.000000
0.995391 0.092681 0.024636 5.625197 -0.093079 0.995537 0.015556 101.673798 -0.023084 -0.017778 0.999575 2.851977 0.000000 0.000000 0.000000 1.000000
0.995369 0.092934 0.024584 4.047813 -0.093332 0.995513 0.015561 101.667892 -0.023028 -0.017783 0.999577 2.798557 0.000000 0.000000 0.000000 1.000000
0.995355 0.093106 0.024508 2.610839 -0.093502 0.995497 0.015566 101.663345 -0.022948 -0.017785 0.999578 2.552827 0.000000 0.000000 0.000000 1.000000
0.995348 0.093201 0.024412 1.396492 -0.093597 0.995488 0.015574 101.658737 -0.022850 -0.017786 0.999581 2.125597 0.000000 0.000000 0.000000 1.000000
0.995375 0.093250 0.023105 0.468109 -0.093623 0.995486 0.015585 101.651787 -0.021548 -0.017676 0.999612 1.556512 0.000000 0.000000 0.000000 1.000000</float_array><technique_common><accessor source="#mixamorig_Hips-Matrix-animation-output-transform-array" count="36" stride="16"><param type="float4x4"/></accessor></technique_common></source><source id="mixamorig_Hips-Interpolations"><Name_array id="mixamorig_Hips-Interpolations-array" count="36">
 LINEAR LINEAR LINEAR LINEAR LINEAR LINEAR LINEAR LINEAR LINEAR LINEAR LINEAR
LINEAR LINEAR LINEAR LINEAR LINEAR LINEAR LINEAR LINEAR LINEAR LINEAR LINEAR LINEAR
LINEAR LINEAR LINEAR LINEAR LINEAR LINEAR LINEAR LINEAR LINEAR LINEAR LINEAR LINEAR
LINEAR</Name_array><technique_common><accessor source="#mixamorig_Hips-Interpolations-array" count="36"><param type="name"/></accessor></technique_common></source><sampler id="mixamorig_Hips-Matrix-animation-transform"><input semantic="INPUT" source="#mixamorig_Hips-Matrix-animation-input"/><input semantic="OUTPUT" source="#mixamorig_Hips-Matrix-animation-output-transform"/><input semantic="INTERPOLATION" source="#mixamorig_Hips-Interpolations"/></sampler><channel source="#mixamorig_Hips-Matrix-animation-transform" target="mixamorig_Hips/matrix"/></animation>
    <animation id="mixamorig_Spine-anim" name="mixamorig_Spine"><source id="mixamorig_Spine-Matrix-animation-input"><float_array id="mixamorig_Spine-Matrix-animation-input-array" count="36">

0.000000 0.033333 0.066667 0.100000 0.133333 0.166667 0.200000 0.233333 0.266667 0.300000 0.333333 0.366667 0.400000 0.433333 0.466667 0.500000
0.533333 0.566667 0.600000 0.633333 0.666667 0.700000 0.733333 0.766667 0.800000 0.833333 0.866667 0.900000 0.933333 0.966667 1.000000 1.033333
1.066667 1.100000 1.133333 1.166667</float_array><technique_common><accessor source="#mixamorig_Spine-Matrix-animation-input-array" count="36"><param name="TIME" type="float"/></accessor></technique_common></source><source id="mixamorig_Spine-Matrix-animation-output-transform"><float_array id="mixamorig_Spine-Matrix-animation-output-transform-array" count="576">

0.998406 -0.052425 -0.020907 -0.000000 0.051951 0.998393 -0.022644 10.181600 0.022060 0.021522 0.999525 0.131500 0.000000 0.000000 0.000000 1.000000
0.998486 -0.053475 -0.012895 0.000000 0.053198 0.998365 -0.020934 10.181600 0.013994 0.020216 0.999698 0.131500 0.000000 0.000000 0.000000 1.000000
0.998516 -0.054237 -0.004946 0.000000 0.054131 0.998346 -0.019392 10.181600 0.005989 0.019096 0.999800 0.131500 0.000000 0.000000 0.000000 1.000000
0.998528 -0.054163 0.002900 0.000000 0.054207 0.998362 -0.018301 10.181600 -0.001904 0.018431 0.999828 0.131500 0.000000 0.000000 0.000000 1.000000
0.998555 -0.052615 0.010897 0.000000 0.052805 0.998443 -0.017954 10.181600 -0.009935 0.018503 0.999779 0.131500 0.000000 0.000000 0.000000 1.000000
0.998592 -0.049300 0.019608 0.000000 0.049662 0.998596 -0.018455 10.181600 -0.018670 0.019403 0.999637 0.131500 0.000000 0.000000 0.000000 1.000000
0.998573 -0.044525 0.029487 0.000000 0.045116 0.998788 -0.019683 10.181600 -0.028575 0.020985 0.999371 0.131500 0.000000 0.000000 0.000000 1.000000
0.998427 -0.038880 0.040404 0.000000 0.039769 0.998979 -0.021438 10.181600 -0.039530 0.023011 0.998953 0.131500 0.000000 0.000000 0.000000 1.000000
0.998127 -0.032921 0.051568 0.000000 0.034171 0.999139 -0.023545 10.181600 -0.050748 0.025263 0.998392 0.131500 0.000000 0.000000 0.000000 1.000000
0.997711 -0.027387 0.061829 -0.000000 0.029025 0.999247 -0.025738 10.181600 -0.061078 0.027474 0.997755 0.131500 0.000000 0.000000 0.000000 1.000000
0.997277 -0.023302 0.069973 0.000000 0.025281 0.999301 -0.027538 10.181600 -0.069282 0.029232 0.997169 0.131500 0.000000 0.000000 0.000000 1.000000
0.996965 -0.021377 0.074857 0.000000 0.023559 0.999319 -0.028397 10.181600 -0.074199 0.030074 0.996790 0.131500 0.000000 0.000000 0.000000 1.000000
0.996898 -0.021533 0.075701 0.000000 0.023712 0.999326 -0.028009 10.181600 -0.075047 0.029717 0.996737 0.131500 0.000000 0.000000 0.000000 1.000000
0.997096 -0.023288 0.072504 -0.000000 0.025266 0.999330 -0.026485 10.181600 -0.071839 0.028240 0.997016 0.131500 0.000000 0.000000 0.000000 1.000000
0.997469 -0.026185 0.066110 0.000000 0.027846 0.999316 -0.024318 10.181600 -0.065428 0.026097 0.997516 0.131500 0.000000 0.000000 0.000000 1.000000
0.997894 -0.029480 0.057785 0.000000 0.030808 0.999278 -0.022223 10.181600 -0.057089 0.023956 0.998082 0.131500 0.000000 0.000000 0.000000 1.000000
0.998292 -0.032405 0.048617 0.000000 0.033451 0.999223 -0.020854 10.181600 -0.047904 0.022444 0.998600 0.131500 0.000000 0.000000 0.000000 1.000000
0.998640 -0.034604 0.039006 -0.000000 0.035425 0.999161 -0.020547 10.181600 -0.038263 0.021901 0.999028 0.131500 0.000000 0.000000 0.000000 1.000000
0.998933 -0.036274 0.028599 0.000000 0.036888 0.999094 -0.021236 10.181600 -0.027803 0.022269 0.999365 0.131500 0.000000 0.000000 0.000000 1.000000
0.999135 -0.038058 0.016750 -0.000000 0.038431 0.999007 -0.022547 10.181600 -0.015875 0.023171 0.999605 0.131500 0.000000 0.000000 0.000000 1.000000
0.999170 -0.040601 0.003232 0.000000 0.040667 0.998884 -0.024009 10.181600 -0.002254 0.024120 0.999707 0.131500 0.000000 0.000000 0.000000 1.000000
0.998967 -0.043991 -0.011348 0.000000 0.043694 0.998726 -0.025233 10.181600 0.012444 0.024712 0.999617 0.131500 0.000000 0.000000 0.000000 1.000000
0.998526 -0.047813 -0.025702 0.000000 0.047145 0.998550 -0.025998 10.181600 0.026908 0.024748 0.999332 0.131500 0.000000 0.000000 0.000000 1.000000
0.997944 -0.051290 -0.038439 -0.000000 0.050302 0.998389 -0.026242 10.181600 0.039723 0.024254 0.998916 0.131500 0.000000 0.000000 0.000000 1.000000
0.997361 -0.053910 -0.048639 -0.000000 0.052689 0.998271 -0.026057 10.181600 0.049959 0.023426 0.998476 0.131500 0.000000 0.000000 0.000000 1.000000
0.996881 -0.055569 -0.056042 -0.000000 0.054198 0.998200 -0.025697 10.181600 0.057369 0.022579 0.998098 0.131500 0.000000 0.000000 0.000000 1.000000
0.996557 -0.056343 -0.060821 -0.000000 0.054877 0.998167 -0.025515 10.181600 0.062147 0.022090 0.997823 0.131500 0.000000 0.000000 0.000000 1.000000
0.996416 -0.056252 -0.063176 -0.000000 0.054716 0.998169 -0.025785 10.181600 0.064511 0.022236 0.997669 0.131500 0.000000 0.000000 0.000000 1.000000
0.996468 -0.055391 -0.063108 -0.000000 0.053811 0.998200 -0.026467 10.181600 0.064461 0.022977 0.997656 0.131500 0.000000 0.000000 0.000000 1.000000
0.996696 -0.054098 -0.060584 0.000000 0.052530 0.998249 -0.027178 10.181600 0.061948 0.023906 0.997793 0.131500 0.000000 0.000000 0.000000 1.000000
0.997034 -0.052898 -0.055898 -0.000000 0.051425 0.998299 -0.027459 10.181600 0.057256 0.024503 0.998059 0.131500 0.000000 0.000000 0.000000 1.000000
0.997397 -0.052184 -0.049768 -0.000000 0.050880 0.998337 -0.027111 10.181600 0.051100 0.024509 0.998393 0.131500 0.000000 0.000000 0.000000 1.000000
0.997722 -0.052006 -0.042959 0.000000 0.050908 0.998358 -0.026261 10.181600 0.044254 0.024014 0.998732 0.131500 0.000000 0.000000 0.000000 1.000000
0.997996 -0.052135 -0.035871 -0.000000 0.051250 0.998369 -0.025145 10.181600 0.037124 0.023257 0.999040 0.131500 0.000000 0.000000 0.000000 1.000000
0.998223 -0.052318 -0.028541 -0.000000 0.051643 0.998379 -0.023922 10.181600 0.029746 0.022405 0.999306 0.131500 0.000000 0.000000 0.000000 1.000000
0.998406 -0.052425 -0.020907 0.000000 0.051950 0.998393 -0.022644 10.181600 0.022060 0.021522 0.999525 0.131500 0.000000 0.000000 0.000000 1.000000</float_array><technique_common><accessor source="#mixamorig_Spine-Matrix-animation-output-transform-array" count="36" stride="16"><param type="float4x4"/></accessor></technique_common></source><source id="mixamorig_Spine-Interpolations"><Name_array id="mixamorig_Spine-Interpolations-array" count="36">
 LINEAR LINEAR LINEAR LINEAR LINEAR LINEAR LINEAR LINEAR LINEAR LINEAR LINEAR
LINEAR LINEAR LINEAR LINEAR LINEAR LINEAR LINEAR LINEAR LINEAR LINEAR LINEAR LINEAR
LINEAR LINEAR LINEAR LINEAR LINEAR LINEAR LINEAR LINEAR LINEAR LINEAR LINEAR LINEAR
LINEAR</Name_array><technique_common><accessor source="#mixamorig_Spine-Interpolations-array" count="36"><param type="name"/></accessor></technique_common></source><sampler id="mixamorig_Spine-Matrix-animation-transform"><input semantic="INPUT" source="#mixamorig_Spine-Matrix-animation-input"/><input semantic="OUTPUT" source="#mixamorig_Spine-Matrix-animation-output-transform"/><input semantic="INTERPOLATION" source="#mixamorig_Spine-Interpolations"/></sampler><channel source="#mixamorig_Spine-Matrix-animation-transform" target="mixamorig_Spine/matrix"/></animation>
    <animation id="mixamorig_Spine1-anim" name="mixamorig_Spine1"><source id="mixamorig_Spine1-Matrix-animation-input"><float_array id="mixamorig_Spine1-Matrix-animation-input-array" count="36">

0.000000 0.033333 0.066667 0.100000 0.133333 0.166667 0.200000 0.233333 0.266667 0.300000 0.333333 0.366667 0.400000 0.433333 0.466667 0.500000
0.533333 0.566667 0.600000 0.633333 0.666667 0.700000 0.733333 0.766667 0.800000 0.833333 0.866667 0.900000 0.933333 0.966667 1.000000 1.033333
1.066667 1.100000 1.133333 1.166667</float_array><technique_common><accessor source="#mixamorig_Spine1-Matrix-animation-input-array" count="36"><param name="TIME" type="float"/></accessor></technique_common></source><source id="mixamorig_Spine1-Matrix-animation-output-transform"><float_array id="mixamorig_Spine1-Matrix-animation-output-transform-array" count="576">

0.994612 -0.103567 0.004611 0.000000 0.103618 0.994536 -0.012718 10.083500 -0.003269 0.013128 0.999908 -1.000800 0.000000 0.000000 0.000000 1.000000
0.994741 -0.101658 0.012525 0.000000 0.101812 0.994727 -0.012379 10.083500 -0.011200 0.013589 0.999845 -1.000800 0.000000 0.000000 0.000000 1.000000
0.994818 -0.099540 0.020707 0.000000 0.099804 0.994934 -0.012096 10.083500 -0.019398 0.014100 0.999712 -1.000800 0.000000 0.000000 0.000000 1.000000
0.994844 -0.096974 0.029676 0.000000 0.097363 0.995177 -0.011964 10.083500 -0.028373 0.014792 0.999488 -1.000800 0.000000 0.000000 0.000000 1.000000
0.994792 -0.093664 0.040198 0.000000 0.094217 0.995478 -0.012100 10.083500 -0.038883 0.015824 0.999118 -1.000800 0.000000 0.000000 0.000000 1.000000
0.994587 -0.089513 0.052768 -0.000000 0.090292 0.995836 -0.012569 10.083500 -0.051423 0.017266 0.998528 -1.000800 0.000000 0.000000 0.000000 1.000000
0.994136 -0.084794 0.067101 -0.000000 0.085873 0.996217 -0.013355 10.083500 -0.065715 0.019039 0.997657 -1.000800 0.000000 0.000000 0.000000 1.000000
0.993400 -0.080023 0.082176 0.000000 0.081468 0.996572 -0.014379 10.083500 -0.080743 0.020979 0.996514 -1.000800 0.000000 0.000000 0.000000 1.000000
0.992427 -0.075691 0.096739 0.000000 0.077544 0.996868 -0.015536 10.083500 -0.095260 0.022920 0.995188 -1.000800 0.000000 0.000000 0.000000 1.000000
0.991343 -0.072177 0.109678 0.000000 0.074441 0.997086 -0.016677 10.083500 -0.108155 0.024697 0.993827 -1.000800 0.000000 0.000000 0.000000 1.000000
0.990312 -0.069848 0.120010 -0.000000 0.072466 0.997216 -0.017587 10.083500 -0.118448 0.026113 0.992617 -1.000800 0.000000 0.000000 0.000000 1.000000
0.989518 -0.069105 0.126802 -0.000000 0.071956 0.997245 -0.018035 10.083500 -0.125207 0.026970 0.991764 -1.000800 0.000000 0.000000 0.000000 1.000000
0.989116 -0.070249 0.129284 0.000000 0.073157 0.997160 -0.017876 10.083500 -0.127661 0.027139 0.991446 -1.000800 0.000000 0.000000 0.000000 1.000000
0.989184 -0.073213 0.127100 -0.000000 0.075992 0.996961 -0.017151 10.083500 -0.125458 0.026624 0.991742 -1.000800 0.000000 0.000000 0.000000 1.000000
0.989700 -0.077372 0.120446 -0.000000 0.079876 0.996675 -0.016102 10.083500 -0.118800 0.025557 0.992589 -1.000800 0.000000 0.000000 0.000000 1.000000
0.990581 -0.081591 0.109962 -0.000000 0.083743 0.996373 -0.015090 10.083500 -0.108332 0.024156 0.993821 -1.000800 0.000000 0.000000 0.000000 1.000000
0.991738 -0.084594 0.096437 0.000000 0.086375 0.996158 -0.014445 10.083500 -0.094844 0.022655 0.995234 -1.000800 0.000000 0.000000 0.000000 1.000000
0.993076 -0.085519 0.080534 -0.000000 0.086942 0.996110 -0.014332 10.083500 -0.078995 0.021235 0.996649 -1.000800 0.000000 0.000000 0.000000 1.000000
0.994459 -0.084353 0.062729 0.000000 0.085431 0.996236 -0.014689 10.083500 -0.061254 0.019966 0.997922 -1.000800 0.000000 0.000000 0.000000 1.000000
0.995686 -0.081963 0.043495 0.000000 0.082694 0.996458 -0.015271 10.083500 -0.042089 0.018801 0.998937 -1.000800 0.000000 0.000000 0.000000 1.000000
0.996542 -0.079679 0.023571 0.000000 0.080062 0.996665 -0.015778 10.083500 -0.022235 0.017611 0.999598 -1.000800 0.000000 0.000000 0.000000 1.000000
0.996891 -0.078688 0.004090 -0.000000 0.078744 0.996767 -0.015986 10.083500 -0.002819 0.016258 0.999864 -1.000800 0.000000 0.000000 0.000000 1.000000
0.996734 -0.079602 -0.013603 0.000000 0.079385 0.996719 -0.015813 10.083500 0.014817 0.014681 0.999782 -1.000800 0.000000 0.000000 0.000000 1.000000
0.996198 -0.082387 -0.028324 0.000000 0.081978 0.996516 -0.015316 10.083500 0.029487 0.012936 0.999481 -1.000800 0.000000 0.000000 0.000000 1.000000
0.995465 -0.086600 -0.039368 -0.000000 0.086083 0.996180 -0.014639 10.083500 0.040485 0.011183 0.999118 -1.000800 0.000000 0.000000 0.000000 1.000000
0.994699 -0.091677 -0.046581 -0.000000 0.091119 0.995742 -0.013951 10.083500 0.047661 0.009632 0.998817 -1.000800 0.000000 0.000000 0.000000 1.000000
0.994012 -0.097070 -0.050171 -0.000000 0.096513 0.995241 -0.013414 10.083500 0.051235 0.008492 0.998651 -1.000800 0.000000 0.000000 0.000000 1.000000
0.993484 -0.102194 -0.050451 0.000000 0.101655 0.994733 -0.013139 10.083500 0.051528 0.007925 0.998640 -1.000800 0.000000 0.000000 0.000000 1.000000
0.993180 -0.106369 -0.047746 0.000000 0.105857 0.994295 -0.013132 10.083500 0.048870 0.007988 0.998773 -1.000800 0.000000 0.000000 0.000000 1.000000
0.993132 -0.108994 -0.042529 0.000000 0.108522 0.994005 -0.013280 10.083500 0.043722 0.008574 0.999007 -1.000800 0.000000 0.000000 0.000000 1.000000
0.993305 -0.109908 -0.035568 0.000000 0.109493 0.993897 -0.013420 10.083500 0.036826 0.009436 0.999277 -1.000800 0.000000 0.000000 0.000000 1.000000
0.993598 -0.109509 -0.027771 -0.000000 0.109170 0.993932 -0.013439 10.083500 0.029074 0.010322 0.999524 -1.000800 0.000000 0.000000 0.000000 1.000000
0.993908 -0.108424 -0.019798 0.000000 0.108173 0.994043 -0.013328 10.083500 0.021125 0.011105 0.999715 -1.000800 0.000000 0.000000 0.000000 1.000000
0.994184 -0.107047 -0.011830 0.000000 0.106891 0.994184 -0.013141 10.083500 0.013168 0.011800 0.999844 -1.000800 0.000000 0.000000 0.000000 1.000000
0.994418 -0.105447 -0.003740 0.000000 0.105391 0.994347 -0.012930 10.083500 0.005083 0.012463 0.999909 -1.000800 0.000000 0.000000 0.000000 1.000000
0.994612 -0.103567 0.004611 0.000000 0.103618 0.994536 -0.012718 10.083500 -0.003269 0.013128 0.999908 -1.000800 0.000000 0.000000 0.000000 1.000000</float_array><technique_common><accessor source="#mixamorig_Spine1-Matrix-animation-output-transform-array" count="36" stride="16"><param type="float4x4"/></accessor></technique_common></source><source id="mixamorig_Spine1-Interpolations"><Name_array id="mixamorig_Spine1-Interpolations-array" count="36">
 LINEAR LINEAR LINEAR LINEAR LINEAR LINEAR LINEAR LINEAR LINEAR LINEAR LINEAR
LINEAR LINEAR LINEAR LINEAR LINEAR LINEAR LINEAR LINEAR LINEAR LINEAR LINEAR LINEAR
LINEAR LINEAR LINEAR LINEAR LINEAR LINEAR LINEAR LINEAR LINEAR LINEAR LINEAR LINEAR
LINEAR</Name_array><technique_common><accessor source="#mixamorig_Spine1-Interpolations-array" count="36"><param type="name"/></accessor></technique_common></source><sampler id="mixamorig_Spine1-Matrix-animation-transform"><input semantic="INPUT" source="#mixamorig_Spine1-Matrix-animation-input"/><input semantic="OUTPUT" source="#mixamorig_Spine1-Matrix-animation-output-transform"/><input semantic="INTERPOLATION" source="#mixamorig_Spine1-Interpolations"/></sampler><channel source="#mixamorig_Spine1-Matrix-animation-transform" target="mixamorig_Spine1/matrix"/></animation>
    <animation id="mixamorig_Spine2-anim" name="mixamorig_Spine2"><source id="mixamorig_Spine2-Matrix-animation-input"><float_array id="mixamorig_Spine2-Matrix-animation-input-array" count="36">

0.000000 0.033333 0.066667 0.100000 0.133333 0.166667 0.200000 0.233333 0.266667 0.300000 0.333333 0.366667 0.400000 0.433333 0.466667 0.500000
0.533333 0.566667 0.600000 0.633333 0.666667 0.700000 0.733333 0.766667 0.800000 0.833333 0.866667 0.900000 0.933333 0.966667 1.000000 1.033333
1.066667 1.100000 1.133333 1.166667</float_array><technique_common><accessor source="#mixamorig_Spine2-Matrix-animation-input-array" count="36"><param name="TIME" type="float"/></accessor></technique_common></source><source id="mixamorig_Spine2-Matrix-animation-output-transform"><float_array id="mixamorig_Spine2-Matrix-animation-output-transform-array" count="576">

0.994696 -0.101950 0.013639 0.000000 0.102120 0.994695 -0.012404 9.100000 -0.012302 0.013731 0.999830 -1.373400 0.000000 0.000000 0.000000 1.000000
0.994763 -0.099921 0.021524 -0.000000 0.100207 0.994886 -0.012672 9.100000 -0.020148 0.014763 0.999688 -1.373400 0.000000 0.000000 0.000000 1.000000
0.994776 -0.097673 0.029672 0.000000 0.098093 0.995092 -0.013025 9.100000 -0.028254 0.015867 0.999475 -1.373400 0.000000 0.000000 0.000000 1.000000
0.994734 -0.094950 0.038595 0.000000 0.095535 0.995333 -0.013611 9.100000 -0.037123 0.017227 0.999162 -1.373400 0.000000 0.000000 0.000000 1.000000
0.994602 -0.091435 0.049047 0.000000 0.092250 0.995629 -0.014613 9.100000 -0.047496 0.019059 0.998690 -1.373400 0.000000 0.000000 0.000000 1.000000
0.994305 -0.087024 0.061517 0.000000 0.088168 0.995975 -0.016122 9.100000 -0.059866 0.021453 0.997976 -1.373400 0.000000 0.000000 0.000000 1.000000
0.993751 -0.082005 0.075723 0.000000 0.083595 0.996336 -0.018066 9.100000 -0.073964 0.024283 0.996965 -1.373400 0.000000 0.000000 0.000000 1.000000
0.992907 -0.076924 0.090653 -0.000000 0.079065 0.996664 -0.020264 9.100000 -0.088792 0.027288 0.995676 -1.373400 0.000000 0.000000 0.000000 1.000000
0.991833 -0.072298 0.105072 -0.000000 0.075054 0.996925 -0.022508 9.100000 -0.103122 0.030211 0.994210 -1.373400 0.000000 0.000000 0.000000 1.000000
0.990660 -0.068529 0.117884 -0.000000 0.071900 0.997109 -0.024579 9.100000 -0.115858 0.032825 0.992723 -1.373400 0.000000 0.000000 0.000000 1.000000
0.989560 -0.065995 0.128123 0.000000 0.069899 0.997210 -0.026211 9.100000 -0.126036 0.034893 0.991412 -1.373400 0.000000 0.000000 0.000000 1.000000
0.988721 -0.065116 0.134873 -0.000000 0.069375 0.997222 -0.027123 9.100000 -0.132732 0.036173 0.990492 -1.373400 0.000000 0.000000 0.000000 1.000000
0.988305 -0.066204 0.137372 -0.000000 0.070567 0.997138 -0.027131 9.100000 -0.135182 0.036508 0.990148 -1.373400 0.000000 0.000000 0.000000 1.000000
0.988391 -0.069204 0.135259 0.000000 0.073397 0.996957 -0.026258 9.100000 -0.133030 0.035881 0.990462 -1.373400 0.000000 0.000000 0.000000 1.000000
0.988955 -0.073489 0.128711 -0.000000 0.077285 0.996702 -0.024744 9.100000 -0.126468 0.034419 0.991373 -1.373400 0.000000 0.000000 0.000000 1.000000
0.989912 -0.077919 0.118336 0.000000 0.081178 0.996435 -0.022964 9.100000 -0.116125 0.032339 0.992708 -1.373400 0.000000 0.000000 0.000000 1.000000
0.991163 -0.081206 0.104893 0.000000 0.083874 0.996249 -0.021269 9.100000 -0.102772 0.029879 0.994256 -1.373400 0.000000 0.000000 0.000000 1.000000
0.992609 -0.082470 0.089029 0.000000 0.084551 0.996221 -0.019851 9.100000 -0.087055 0.027231 0.995831 -1.373400 0.000000 0.000000 0.000000 1.000000
0.994111 -0.081679 0.071220 0.000000 0.083203 0.996357 -0.018696 9.100000 -0.069434 0.024512 0.997285 -1.373400 0.000000 0.000000 0.000000 1.000000
0.995466 -0.079675 0.051956 0.000000 0.080686 0.996583 -0.017643 9.100000 -0.050373 0.021756 0.998494 -1.373400 0.000000 0.000000 0.000000 1.000000
0.996458 -0.077766 0.032004 0.000000 0.078322 0.996792 -0.016504 9.100000 -0.030618 0.018952 0.999351 -1.373400 0.000000 0.000000 0.000000 1.000000
0.996944 -0.077114 0.012522 0.000000 0.077301 0.996892 -0.015172 9.100000 -0.011313 0.016094 0.999806 -1.373400 0.000000 0.000000 0.000000 1.000000
0.996916 -0.078311 -0.005131 -0.000000 0.078235 0.996841 -0.013668 9.100000 0.006185 0.013225 0.999893 -1.373400 0.000000 0.000000 0.000000 1.000000
0.996493 -0.081311 -0.019766 0.000000 0.081083 0.996634 -0.012105 9.100000 0.020684 0.010460 0.999731 -1.373400 0.000000 0.000000 0.000000 1.000000
0.995851 -0.085668 -0.030686 -0.000000 0.085379 0.996292 -0.010631 9.100000 0.031483 0.007967 0.999473 -1.373400 0.000000 0.000000 0.000000 1.000000
0.995151 -0.090827 -0.037753 0.000000 0.090534 0.995849 -0.009402 9.100000 0.038450 0.005938 0.999243 -1.373400 0.000000 0.000000 0.000000 1.000000
0.994504 -0.096253 -0.041198 0.000000 0.095979 0.995346 -0.008567 9.100000 0.041831 0.004566 0.999114 -1.373400 0.000000 0.000000 0.000000 1.000000
0.993988 -0.101373 -0.041359 0.000000 0.101117 0.994840 -0.008245 9.100000 0.041981 0.004013 0.999110 -1.373400 0.000000 0.000000 0.000000 1.000000
0.993669 -0.105513 -0.038579 0.000000 0.105263 0.994409 -0.008451 9.100000 0.039255 0.004336 0.999220 -1.373400 0.000000 0.000000 0.000000 1.000000
0.993584 -0.108074 -0.033337 0.000000 0.107830 0.994128 -0.009045 9.100000 0.034119 0.005392 0.999403 -1.373400 0.000000 0.000000 0.000000 1.000000
0.993703 -0.108896 -0.026387 -0.000000 0.108671 0.994030 -0.009787 9.100000 0.027296 0.006858 0.999604 -1.373400 0.000000 0.000000 0.000000 1.000000
0.993935 -0.108385 -0.018618 0.000000 0.108204 0.994074 -0.010470 9.100000 0.019642 0.008392 0.999772 -1.373400 0.000000 0.000000 0.000000 1.000000
0.994182 -0.107181 -0.010675 0.000000 0.107064 0.994191 -0.011023 9.100000 0.011794 0.009816 0.999882 -1.373400 0.000000 0.000000 0.000000 1.000000
0.994396 -0.105684 -0.002735 0.000000 0.105646 0.994337 -0.011489 9.100000 0.003934 0.011136 0.999930 -1.373400 0.000000 0.000000 0.000000 1.000000
0.994567 -0.103960 0.005324 0.000000 0.104017 0.994504 -0.011937 9.100000 -0.004053 0.012426 0.999915 -1.373400 0.000000 0.000000 0.000000 1.000000
0.994696 -0.101950 0.013639 0.000000 0.102120 0.994695 -0.012404 9.100000 -0.012302 0.013731 0.999830 -1.373400 0.000000 0.000000 0.000000 1.000000</float_array><technique_common><accessor source="#mixamorig_Spine2-Matrix-animation-output-transform-array" count="36" stride="16"><param type="float4x4"/></accessor></technique_common></source><source id="mixamorig_Spine2-Interpolations"><Name_array id="mixamorig_Spine2-Interpolations-array" count="36">
 LINEAR LINEAR LINEAR LINEAR LINEAR LINEAR LINEAR LINEAR LINEAR LINEAR LINEAR
LINEAR LINEAR LINEAR LINEAR LINEAR LINEAR LINEAR LINEAR LINEAR LINEAR LINEAR LINEAR
LINEAR LINEAR LINEAR LINEAR LINEAR LINEAR LINEAR LINEAR LINEAR LINEAR LINEAR LINEAR
LINEAR</Name_array><technique_common><accessor source="#mixamorig_Spine2-Interpolations-array" count="36"><param type="name"/></accessor></technique_common></source><sampler id="mixamorig_Spine2-Matrix-animation-transform"><input semantic="INPUT" source="#mixamorig_Spine2-Matrix-animation-input"/><input semantic="OUTPUT" source="#mixamorig_Spine2-Matrix-animation-output-transform"/><input semantic="INTERPOLATION" source="#mixamorig_Spine2-Interpolations"/></sampler><channel source="#mixamorig_Spine2-Matrix-animation-transform" target="mixamorig_Spine2/matrix"/></animation>
    <animation id="mixamorig_Neck-anim" name="mixamorig_Neck"><source id="mixamorig_Neck-Matrix-animation-input"><float_array id="mixamorig_Neck-Matrix-animation-input-array" count="36">

0.000000 0.033333 0.066667 0.100000 0.133333 0.166667 0.200000 0.233333 0.266667 0.300000 0.333333 0.366667 0.400000 0.433333 0.466667 0.500000
0.533333 0.566667 0.600000 0.633333 0.666667 0.700000 0.733333 0.766667 0.800000 0.833333 0.866667 0.900000 0.933333 0.966667 1.000000 1.033333
1.066667 1.100000 1.133333 1.166667</float_array><technique_common><accessor source="#mixamorig_Neck-Matrix-animation-input-array" count="36"><param name="TIME" type="float"/></accessor></technique_common></source><source id="mixamorig_Neck-Matrix-animation-output-transform"><float_array id="mixamorig_Neck-Matrix-animation-output-transform-array" count="576">

0.999273 0.037759 -0.005318 0.000000 -0.037850 0.999117 -0.018243 16.671700 0.004624 0.018431 0.999819 -2.516200 0.000000 0.000000 0.000000 1.000000
0.999001 0.039824 -0.020293 -0.000000 -0.040100 0.999106 -0.013393 16.671700 0.019741 0.014193 0.999704 -2.516200 0.000000 0.000000 0.000000 1.000000
0.998540 0.042379 -0.033486 0.000000 -0.042695 0.999050 -0.008765 16.671700 0.033083 0.010182 0.999401 -2.516200 0.000000 0.000000 0.000000 1.000000
0.998041 0.045947 -0.042471 0.000000 -0.046184 0.998922 -0.004607 16.671700 0.042213 0.006560 0.999087 -2.516200 0.000000 0.000000 0.000000 1.000000
0.997700 0.051090 -0.044552 0.000000 -0.051194 0.998688 -0.001182 16.671700 0.044433 0.003460 0.999006 -2.516200 0.000000 0.000000 0.000000 1.000000
0.997559 0.057917 -0.039017 0.000000 -0.057906 0.998321 0.001415 16.671700 0.039033 0.000848 0.999238 -2.516200 0.000000 0.000000 0.000000 1.000000
0.997426 0.065908 -0.028231 0.000000 -0.065841 0.997825 0.003294 16.671700 0.028386 -0.001427 0.999596 -2.516200 0.000000 0.000000 0.000000 1.000000
0.997107 0.074305 -0.016002 0.000000 -0.074240 0.997230 0.004621 16.671700 0.016301 -0.003420 0.999861 -2.516200 0.000000 0.000000 0.000000 1.000000
0.996574 0.082564 -0.004765 -0.000000 -0.082537 0.996573 0.005489 16.671700 0.005202 -0.005077 0.999974 -2.516200 0.000000 0.000000 0.000000 1.000000
0.995894 0.090360 0.005587 0.000000 -0.090392 0.995889 0.005884 16.671700 -0.005032 -0.006365 0.999967 -2.516200 0.000000 0.000000 0.000000 1.000000
0.995112 0.097361 0.016506 -0.000000 -0.097465 0.995223 0.005669 16.671700 -0.015875 -0.007250 0.999848 -2.516200 0.000000 0.000000 0.000000 1.000000
0.994239 0.103221 0.028873 0.000000 -0.103396 0.994630 0.004622 16.671700 -0.028241 -0.007581 0.999572 -2.516200 0.000000 0.000000 0.000000 1.000000
0.993287 0.107725 0.042155 0.000000 -0.107932 0.994155 0.002652 16.671700 -0.041623 -0.007184 0.999108 -2.516200 0.000000 0.000000 0.000000 1.000000
0.992330 0.110734 0.054949 -0.000000 -0.110901 0.993831 0.000002 16.671700 -0.054610 -0.006096 0.998489 -2.516200 0.000000 0.000000 0.000000 1.000000
0.991523 0.111955 0.065942 0.000000 -0.112011 0.993703 -0.002856 16.671700 -0.065846 -0.004555 0.997819 -2.516200 0.000000 0.000000 0.000000 1.000000
0.991043 0.110870 0.074439 0.000000 -0.110762 0.993831 -0.005595 16.671700 -0.074600 -0.002700 0.997210 -2.516200 0.000000 0.000000 0.000000 1.000000
0.990996 0.106981 0.080514 0.000000 -0.106659 0.994261 -0.008303 16.671700 -0.080940 -0.000360 0.996719 -2.516200 0.000000 0.000000 0.000000 1.000000
0.991328 0.100225 0.084993 -0.000000 -0.099612 0.994961 -0.011437 16.671700 -0.085711 0.002871 0.996316 -2.516200 0.000000 0.000000 0.000000 1.000000
0.991823 0.091252 0.089216 -0.000000 -0.090217 0.995800 -0.015571 16.671700 -0.090263 0.007395 0.995891 -2.516200 0.000000 0.000000 0.000000 1.000000
0.992200 0.081337 0.094461 0.000000 -0.079688 0.996597 -0.021100 16.671700 -0.095856 0.013408 0.995305 -2.516200 0.000000 0.000000 0.000000 1.000000
0.992256 0.071916 0.101274 0.000000 -0.069414 0.997194 -0.028019 16.671700 -0.103005 0.020772 0.994464 -2.516200 0.000000 0.000000 0.000000 1.000000
0.991965 0.063944 0.109164 -0.000000 -0.060357 0.997533 -0.035853 16.671700 -0.111188 0.028976 0.993377 -2.516200 0.000000 0.000000 0.000000 1.000000
0.991490 0.057455 0.116818 0.000000 -0.052659 0.997654 -0.043742 16.671700 -0.119057 0.037218 0.992190 -2.516200 0.000000 0.000000 0.000000 1.000000
0.991101 0.051777 0.122629 -0.000000 -0.045851 0.997663 -0.050667 16.671700 -0.124965 0.044594 0.991158 -2.516200 0.000000 0.000000 0.000000 1.000000
0.991049 0.046338 0.125200 0.000000 -0.039607 0.997660 -0.055725 16.671700 -0.127489 0.050267 0.990565 -2.516200 0.000000 0.000000 0.000000 1.000000
0.991464 0.041334 0.123658 -0.000000 -0.034315 0.997706 -0.058361 16.671700 -0.125787 0.053620 0.990607 -2.516200 0.000000 0.000000 0.000000 1.000000
0.992336 0.037448 0.117761 -0.000000 -0.030715 0.997816 -0.058480 16.671700 -0.119694 0.054414 0.991319 -2.516200 0.000000 0.000000 0.000000 1.000000
0.993550 0.034949 0.107873 0.000000 -0.028983 0.997988 -0.056384 16.671700 -0.109627 0.052894 0.992564 -2.516200 0.000000 0.000000 0.000000 1.000000
0.994924 0.033390 0.094925 0.000000 -0.028477 0.998207 -0.052640 16.671700 -0.096513 0.049670 0.994092 -2.516200 0.000000 0.000000 0.000000 1.000000
0.996250 0.032279 0.080270 0.000000 -0.028489 0.998445 -0.047922 16.671700 -0.081692 0.045455 0.995621 -2.516200 0.000000 0.000000 0.000000 1.000000
0.997368 0.031659 0.065230 0.000000 -0.028898 0.998664 -0.042841 16.671700 -0.066499 0.040843 0.996950 -2.516200 0.000000 0.000000 0.000000 1.000000
0.998217 0.031806 0.050514 0.000000 -0.029915 0.998839 -0.037771 16.671700 -0.051657 0.036193 0.998009 -2.516200 0.000000 0.000000 0.000000 1.000000
0.998811 0.032714 0.036135 0.000000 -0.031532 0.998964 -0.032810 16.671700 -0.037171 0.031632 0.998808 -2.516200 0.000000 0.000000 0.000000 1.000000
0.999177 0.034114 0.021943 0.000000 -0.033497 0.999049 -0.027913 16.671700 -0.022875 0.027155 0.999369 -2.516200 0.000000 0.000000 0.000000 1.000000
0.999326 0.035807 0.008041 -0.000000 -0.035614 0.999100 -0.023051 16.671700 -0.008859 0.022749 0.999702 -2.516200 0.000000 0.000000 0.000000 1.000000
0.999273 0.037759 -0.005318 0.000000 -0.037850 0.999117 -0.018243 16.671700 0.004624 0.018431 0.999819 -2.516200 0.000000 0.000000 0.000000 1.000000</float_array><technique_common><accessor source="#mixamorig_Neck-Matrix-animation-output-transform-array" count="36" stride="16"><param type="float4x4"/></accessor></technique_common></source><source id="mixamorig_Neck-Interpolations"><Name_array id="mixamorig_Neck-Interpolations-array" count="36">
 LINEAR LINEAR LINEAR LINEAR LINEAR LINEAR LINEAR LINEAR LINEAR LINEAR LINEAR
LINEAR LINEAR LINEAR LINEAR LINEAR LINEAR LINEAR LINEAR LINEAR LINEAR LINEAR LINEAR
LINEAR LINEAR LINEAR LINEAR LINEAR LINEAR LINEAR LINEAR LINEAR LINEAR LINEAR LINEAR
LINEAR</Name_array><technique_common><accessor source="#mixamorig_Neck-Interpolations-array" count="36"><param type="name"/></accessor></technique_common></source><sampler id="mixamorig_Neck-Matrix-animation-transform"><input semantic="INPUT" source="#mixamorig_Neck-Matrix-animation-input"/><input semantic="OUTPUT" source="#mixamorig_Neck-Matrix-animation-output-transform"/><input semantic="INTERPOLATION" source="#mixamorig_Neck-Interpolations"/></sampler><channel source="#mixamorig_Neck-Matrix-animation-transform" target="mixamorig_Neck/matrix"/></animation>
    <animation id="mixamorig_Head-anim" name="mixamorig_Head"><source id="mixamorig_Head-Matrix-animation-input"><float_array id="mixamorig_Head-Matrix-animation-input-array" count="36">

0.000000 0.033333 0.066667 0.100000 0.133333 0.166667 0.200000 0.233333 0.266667 0.300000 0.333333 0.366667 0.400000 0.433333 0.466667 0.500000
0.533333 0.566667 0.600000 0.633333 0.666667 0.700000 0.733333 0.766667 0.800000 0.833333 0.866667 0.900000 0.933333 0.966667 1.000000 1.033333
1.066667 1.100000 1.133333 1.166667</float_array><technique_common><accessor source="#mixamorig_Head-Matrix-animation-input-array" count="36"><param name="TIME" type="float"/></accessor></technique_common></source><source id="mixamorig_Head-Matrix-animation-output-transform"><float_array id="mixamorig_Head-Matrix-animation-output-transform-array" count="576">

0.989879 0.141594 0.009498 0.000000 -0.141287 0.989582 -0.027657 9.617900 -0.013315 0.026036 0.999572 1.685000 0.000000 0.000000 0.000000 1.000000
0.990367 0.136687 -0.022154 0.000000 -0.137186 0.990283 -0.022814 9.617900 0.018820 0.025633 0.999494 1.685000 0.000000 0.000000 0.000000 1.000000
0.989869 0.132623 -0.050692 -0.000000 -0.133649 0.990876 -0.017393 9.617900 0.047922 0.023992 0.998563 1.685000 0.000000 0.000000 0.000000 1.000000
0.988834 0.130309 -0.072303 -0.000000 -0.131412 0.991270 -0.010683 9.617900 0.070280 0.020065 0.997325 1.685000 0.000000 0.000000 0.000000 1.000000
0.987961 0.130626 -0.082883 -0.000000 -0.131233 0.991350 -0.001898 9.617900 0.081918 0.012752 0.996557 1.685000 0.000000 0.000000 0.000000 1.000000
0.987673 0.133469 -0.081779 0.000000 -0.133169 0.991051 0.009133 9.617900 0.082266 0.001870 0.996609 1.685000 0.000000 0.000000 0.000000 1.000000
0.987752 0.137625 -0.073527 0.000000 -0.136377 0.990418 0.021757 9.617900 0.075817 -0.011463 0.997056 1.685000 0.000000 0.000000 0.000000 1.000000
0.987752 0.141944 -0.064798 0.000000 -0.139892 0.989541 0.035199 9.617900 0.069117 -0.025703 0.997277 1.685000 0.000000 0.000000 0.000000 1.000000
0.987456 0.146415 -0.059103 -0.000000 -0.143602 0.988404 0.049346 9.617900 0.065643 -0.040239 0.997031 1.685000 0.000000 0.000000 0.000000 1.000000
0.986893 0.151932 -0.054393 0.000000 -0.148370 0.986830 0.064443 9.617900 0.063468 -0.055528 0.996438 1.685000 0.000000 0.000000 0.000000 1.000000
0.986176 0.159405 -0.045239 -0.000000 -0.155487 0.984604 0.079872 9.617900 0.057274 -0.071734 0.995778 1.685000 0.000000 0.000000 0.000000 1.000000
0.985178 0.169417 -0.026869 0.000000 -0.166263 0.981648 0.093398 9.617900 0.042199 -0.087546 0.995266 1.685000 0.000000 0.000000 0.000000 1.000000
0.983220 0.182405 0.002422 0.000000 -0.181698 0.978055 0.101948 9.617900 0.016227 -0.100677 0.994787 1.685000 0.000000 0.000000 0.000000 1.000000
