<?xml version="1.0" encoding="utf-8"?>
<COLLADA xmlns="http://www.collada.org/2005/11/COLLADASchema" version="1.4.1">
  <asset><contributor><author>Mixamo</author><authoring_tool>COLLADA Mixamo exporter</authoring_tool><comments></comments></contributor><created>2018-10-14T12:44:57Z</created><modified>2018-10-14T12:44:57Z</modified><revision></revision><title></title><unit meter="0.010000"/><up_axis>Y_UP</up_axis></asset>
  <library_animations>
    <animation id="mixamorig_Hips-anim" name="mixamorig_Hips"><source id="mixamorig_Hips-Matrix-animation-input"><float_array id="mixamorig_Hips-Matrix-animation-input-array" count="37">

0.000000 0.033333 0.066667 0.100000 0.133333 0.166667 0.200000 0.233333 0.266667 0.300000 0.333333 0.366667 0.400000 0.433333 0.466667 0.500000
0.533333 0.566667 0.600000 0.633333 0.666667 0.700000 0.733333 0.766667 0.800000 0.833333 0.866667 0.900000 0.933333 0.966667 1.000000 1.033333
1.066667 1.100000 1.133333 1.166667 1.200000</float_array><technique_common><accessor source="#mixamorig_Hips-Matrix-animation-input-array" count="37"><param name="TIME" type="float"/></accessor></technique_common></source><source id="mixamorig_Hips-Matrix-animation-output-transform"><float_array id="mixamorig_Hips-Matrix-animation-output-transform-array" count="592">

0.999485 -0.007431 0.031225 0.107875 0.003423 0.991959 0.126517 99.855026 -0.031915 -0.126345 0.991473 1.045293 0.000000 0.000000 0.000000 1.000000
0.998407 -0.012535 0.055008 -0.067256 0.004750 0.990221 0.139426 99.550003 -0.056218 -0.138943 0.988703 -1.744318 0.000000 0.000000 0.000000 1.000000
0.996823 -0.010277 0.078982 -0.170408 -0.001831 0.988423 0.151712 98.877792 -0.079627 -0.151375 0.985264 -4.621750 0.000000 0.000000 0.000000 1.000000
0.994862 -0.004618 0.101133 -0.200856 -0.012018 0.986509 0.163267 98.058388 -0.100523 -0.163644 0.981385 -7.552927 0.000000 0.000000 0.000000 1.000000
0.992779 -0.001419 0.119947 -0.168225 -0.019696 0.984430 0.174669 97.370583 -0.118328 -0.175770 0.977294 -10.550215 0.000000 0.000000 0.000000 1.000000
0.990460 -0.002903 0.137773 -0.043588 -0.022859 0.982465 0.185039 96.821693 -0.135894 -0.186423 0.973026 -13.770894 0.000000 0.000000 0.000000 1.000000
0.987336 -0.008625 0.158407 0.234824 -0.021941 0.981502 0.190192 96.311577 -0.157117 -0.191259 0.968883 -17.523226 0.000000 0.000000 0.000000 1.000000
0.983328 -0.016764 0.181065 0.698561 -0.017598 0.982294 0.186518 95.951385 -0.180986 -0.186595 0.965622 -22.012447 0.000000 0.000000 0.000000 1.000000
0.979303 -0.026119 0.200709 1.323970 -0.009609 0.984520 0.175006 95.765427 -0.202173 -0.173313 0.963893 -27.176767 0.000000 0.000000 0.000000 1.000000
0.975942 -0.041579 0.214028 1.982587 0.006346 0.986649 0.162735 95.632919 -0.217937 -0.157462 0.963177 -32.710918 0.000000 0.000000 0.000000 1.000000
0.973369 -0.070714 0.218065 2.500601 0.036492 0.986902 0.157142 95.385460 -0.226321 -0.145000 0.963200 -38.100010 0.000000 0.000000 0.000000 1.000000
0.971895 -0.099282 0.213456 2.949286 0.067081 0.985925 0.153139 95.012451 -0.225656 -0.134516 0.964876 -43.234592 0.000000 0.000000 0.000000 1.000000
0.973383 -0.108168 0.202051 3.434579 0.080025 0.986537 0.142621 95.027863 -0.214758 -0.122655 0.968935 -48.181400 0.000000 0.000000 0.000000 1.000000
0.980717 -0.087493 0.174753 4.032582 0.064606 0.989060 0.132617 95.968338 -0.184444 -0.118769 0.975640 -52.718636 0.000000 0.000000 0.000000 1.000000
0.990826 -0.040212 0.129020 4.727433 0.023025 0.990977 0.132036 97.665985 -0.133165 -0.127854 0.982812 -56.721504 0.000000 0.000000 0.000000 1.000000
0.996401 0.001407 0.084755 5.225174 -0.012987 0.990591 0.136238 99.337891 -0.083766 -0.136849 0.987044 -60.154144 0.000000 0.000000 0.000000 1.000000
0.998303 0.026300 0.051951 5.442518 -0.033370 0.989548 0.140289 100.439766 -0.047718 -0.141784 0.988747 -63.205864 0.000000 0.000000 0.000000 1.000000
0.998583 0.047104 0.024750 5.536741 -0.050242 0.987857 0.147017 100.950752 -0.017524 -0.148052 0.988824 -66.086418 0.000000 0.000000 0.000000 1.000000
0.997957 0.063880 0.000854 5.552083 -0.063238 0.985858 0.155194 101.015259 0.009071 -0.154931 0.987884 -68.907616 0.000000 0.000000 0.000000 1.000000
0.997244 0.071814 -0.018655 5.467980 -0.067859 0.984437 0.162108 100.692886 0.030007 -0.160395 0.986597 -71.722336 0.000000 0.000000 0.000000 1.000000
0.996940 0.070532 -0.033693 5.329581 -0.063893 0.983621 0.168544 100.074478 0.045028 -0.165875 0.985118 -74.523651 0.000000 0.000000 0.000000 1.000000
0.996928 0.063543 -0.045788 5.189915 -0.054651 0.983145 0.174467 99.360481 0.056102 -0.171429 0.983598 -77.321548 0.000000 0.000000 0.000000 1.000000
0.996706 0.054903 -0.059686 5.039978 -0.043470 0.983010 0.178331 98.613609 0.068463 -0.175149 0.982159 -80.231461 0.000000 0.000000 0.000000 1.000000
0.995700 0.047981 -0.079239 4.858092 -0.033274 0.983566 0.177457 97.753922 0.086451 -0.174058 0.980933 -83.454376 0.000000 0.000000 0.000000 1.000000
0.993756 0.045483 -0.101887 4.610816 -0.027539 0.984876 0.171058 96.890335 0.108126 -0.167184 0.979979 -87.084282 0.000000 0.000000 0.000000 1.000000
0.991352 0.050471 -0.121133 4.317974 -0.030362 0.986250 0.162449 96.267578 0.127666 -0.157366 0.979253 -91.053833 0.000000 0.000000 0.000000 1.000000
0.989071 0.065468 -0.132110 4.045727 -0.045181 0.987486 0.151094 95.823761 0.140349 -0.143474 0.979652 -95.410980 0.000000 0.000000 0.000000 1.000000
0.986168 0.091972 -0.137888 3.783763 -0.073278 0.988131 0.135007 95.367233 0.148668 -0.123035 0.981203 -100.275124 0.000000 0.000000 0.000000 1.000000
0.981292 0.127177 -0.144539 3.477518 -0.110341 0.986733 0.119088 94.994270 0.157767 -0.100912 0.982307 -105.425735 0.000000 0.000000 0.000000 1.000000
0.975613 0.160373 -0.149865 3.141689 -0.145581 0.983758 0.105009 94.656082 0.164272 -0.080630 0.983114 -110.501274 0.000000 0.000000 0.000000 1.000000
0.973540 0.175070 -0.146866 2.790916 -0.162872 0.982403 0.091418 94.735855 0.160286 -0.065078 0.984923 -115.436302 0.000000 0.000000 0.000000 1.000000
0.977925 0.164099 -0.129358 2.405526 -0.154041 0.984460 0.084324 95.550591 0.141185 -0.062536 0.988006 -119.965637 0.000000 0.000000 0.000000 1.000000
0.985402 0.137149 -0.100858 1.938141 -0.128786 0.988002 0.085240 96.667320 0.111338 -0.071007 0.991243 -123.717796 0.000000 0.000000 0.000000 1.000000
0.992411 0.102717 -0.067592 1.425249 -0.096414 0.991199 0.090711 97.728989 0.076315 -0.083506 0.993581 -126.818817 0.000000 0.000000 0.000000 1.000000
0.997442 0.063645 -0.032549 0.948587 -0.060109 0.993170 0.099997 98.746155 0.038691 -0.097785 0.994455 -129.615799 0.000000 0.000000 0.000000 1.000000
0.999668 0.025741 0.001208 0.519152 -0.025714 0.993316 0.112527 99.533348 0.001697 -0.112521 0.993648 -132.268356 0.000000 0.000000 0.000000 1.000000
0.999485 -0.007431 0.031225 0.107876 0.003423 0.991959 0.126517 99.855049 -0.031915 -0.126345 0.991473 -134.889023 0.000000 0.000000 0.000000 1.000000</float_array><technique_common><accessor source="#mixamorig_Hips-Matrix-animation-output-transform-array" count="37" stride="16"><param type="float4x4"/></accessor></technique_common></source><source id="mixamorig_Hips-Interpolations"><Name_array id="mixamorig_Hips-Interpolations-array" count="37">
 LINEAR LINEAR LINEAR LINEAR LINEAR LINEAR LINEAR LINEAR LINEAR LINEAR LINEAR
LINEAR LINEAR LINEAR LINEAR LINEAR LINEAR LINEAR LINEAR LINEAR LINEAR LINEAR LINEAR
LINEAR LINEAR LINEAR LINEAR LINEAR LINEAR LINEAR LINEAR LINEAR LINEAR LINEAR LINEAR
LINEAR LINEAR</Name_array><technique_common><accessor source="#mixamorig_Hips-Interpolations-array" count="37"><param type="name"/></accessor></technique_common></source><sampler id="mixamorig_Hips-Matrix-animation-transform"><input semantic="INPUT" source="#mixamorig_Hips-Matrix-animation-input"/><input semantic="OUTPUT" source="#mixamorig_Hips-Matrix-animation-output-transform"/><input semantic="INTERPOLATION" source="#mixamorig_Hips-Interpolations"/></sampler><channel source="#mixamorig_Hips-Matrix-animation-transform" target="mixamorig_Hips/matrix"/></animation>
    <animation id="mixamorig_Spine-anim" name="mixamorig_Spine"><source id="mixamorig_Spine-Matrix-animation-input"><float_array id="mixamorig_Spine-Matrix-animation-input-array" count="37">

0.000000 0.033333 0.066667 0.100000 0.133333 0.166667 0.200000 0.233333 0.266667 0.300000 0.333333 0.366667 0.400000 0.433333 0.466667 0.500000
0.533333 0.566667 0.600000 0.633333 0.666667 0.700000 0.733333 0.766667 0.800000 0.833333 0.866667 0.900000 0.933333 0.966667 1.000000 1.033333
1.066667 1.100000 1.133333 1.166667 1.200000</float_array><technique_common><accessor source="#mixamorig_Spine-Matrix-animation-input-array" count="37"><param name="TIME" type="float"/></accessor></technique_common></source><source id="mixamorig_Spine-Matrix-animation-output-transform"><float_array id="mixamorig_Spine-Matrix-animation-output-transform-array" count="592">

0.996563 -0.004215 0.082732 0.000000 0.024095 0.970275 -0.240803 10.181600 -0.079257 0.241968 0.967042 0.131500 0.000000 0.000000 0.000000 1.000000
0.998026 -0.011805 0.061687 0.000000 0.025678 0.973034 -0.229226 10.181600 -0.057318 0.230358 0.971416 0.131500 0.000000 0.000000 0.000000 1.000000
0.999111 -0.028295 0.031254 0.000000 0.034423 0.975503 -0.217275 10.181600 -0.024340 0.218157 0.975610 0.131500 0.000000 0.000000 0.000000 1.000000
0.999044 -0.043452 -0.004724 0.000000 0.041543 0.977592 -0.206368 10.181600 0.013585 0.205974 0.978463 0.131500 0.000000 0.000000 0.000000 1.000000
0.997706 -0.052978 -0.042150 0.000000 0.043577 0.979019 -0.199054 10.181600 0.051811 0.196760 0.979082 0.131500 0.000000 0.000000 0.000000 1.000000
0.994771 -0.053743 -0.086843 -0.000000 0.035953 0.980192 -0.194757 10.181600 0.095590 0.190616 0.977000 0.131500 0.000000 0.000000 0.000000 1.000000
0.990637 -0.049730 -0.127142 -0.000000 0.024050 0.980300 -0.196044 10.181600 0.134387 0.191151 0.972318 0.131500 0.000000 0.000000 0.000000 1.000000
0.986962 -0.043252 -0.155033 0.000000 0.010685 0.978700 -0.205019 10.181600 0.160598 0.200690 0.966402 0.131500 0.000000 0.000000 0.000000 1.000000
0.984136 -0.035087 -0.173909 -0.000000 -0.003399 0.976339 -0.216218 10.181600 0.177381 0.213379 0.960732 0.131500 0.000000 0.000000 0.000000 1.000000
0.982412 -0.025558 -0.184970 0.000000 -0.018700 0.972142 -0.233644 10.181600 0.185789 0.232993 0.954566 0.131500 0.000000 0.000000 0.000000 1.000000
0.979834 0.012441 -0.199427 0.000000 -0.063253 0.966044 -0.250514 10.181600 0.189538 0.258076 0.947350 0.131500 0.000000 0.000000 0.000000 1.000000
0.977071 0.046697 -0.207728 0.000000 -0.102469 0.958362 -0.266537 10.181600 0.186632 0.281711 0.941173 0.131500 0.000000 0.000000 0.000000 1.000000
0.974349 0.068398 -0.214398 0.000000 -0.126492 0.954409 -0.270377 10.181600 0.186130 0.290561 0.938579 0.131500 0.000000 0.000000 0.000000 1.000000
0.978062 0.057616 -0.200187 0.000000 -0.113252 0.953632 -0.278856 10.181600 0.174838 0.295410 0.939236 0.131500 0.000000 0.000000 0.000000 1.000000
0.989295 0.011876 -0.145446 0.000000 -0.055377 0.952685 -0.298874 10.181600 0.135015 0.303729 0.943144 0.131500 0.000000 0.000000 0.000000 1.000000
0.994607 -0.017822 -0.102171 0.000000 -0.014006 0.953021 -0.302582 10.181600 0.102764 0.302381 0.947632 0.131500 0.000000 0.000000 0.000000 1.000000
0.997004 -0.030014 -0.071285 -0.000000 0.007509 0.954846 -0.297005 10.181600 0.076980 0.295580 0.952211 0.131500 0.000000 0.000000 0.000000 1.000000
0.998659 -0.035309 -0.037854 -0.000000 0.022985 0.957681 -0.286913 10.181600 0.046383 0.285658 0.957209 0.131500 0.000000 0.000000 0.000000 1.000000
0.999278 -0.037137 -0.008014 0.000000 0.033468 0.960305 -0.276936 10.181600 0.017981 0.276468 0.960855 0.131500 0.000000 0.000000 0.000000 1.000000
0.999327 -0.029887 0.021274 -0.000000 0.034442 0.964031 -0.263548 10.181600 -0.012632 0.264104 0.964412 0.131500 0.000000 0.000000 0.000000 1.000000
0.998695 -0.015355 0.048705 0.000000 0.027119 0.967600 -0.251026 10.181600 -0.043272 0.252019 0.966754 0.131500 0.000000 0.000000 0.000000 1.000000
0.996795 0.000806 0.079991 -0.000000 0.018294 0.971152 -0.237758 10.181600 -0.077875 0.238459 0.968025 0.131500 0.000000 0.000000 0.000000 1.000000
0.992911 0.016879 0.117657 0.000000 0.009924 0.974638 -0.223567 10.181600 -0.118446 0.223149 0.967561 0.131500 0.000000 0.000000 0.000000 1.000000
0.986197 0.030948 0.162659 0.000000 0.004375 0.977163 -0.212446 10.181600 -0.165520 0.210226 0.963540 0.131500 0.000000 0.000000 0.000000 1.000000
0.976963 0.040614 0.209507 0.000000 0.003233 0.978794 -0.204821 10.181600 -0.213383 0.200780 0.956115 0.131500 0.000000 0.000000 0.000000 1.000000
0.969325 0.040436 0.242435 -0.000000 0.010186 0.978918 -0.204001 10.181600 -0.245573 0.200213 0.948477 0.131500 0.000000 0.000000 0.000000 1.000000
0.962451 0.024494 0.270347 -0.000000 0.032126 0.978644 -0.203037 10.181600 -0.269547 0.204099 0.941110 0.131500 0.000000 0.000000 0.000000 1.000000
0.956788 -0.008142 0.290671 0.000000 0.070706 0.976122 -0.205396 10.181600 -0.282058 0.217072 0.934518 0.131500 0.000000 0.000000 0.000000 1.000000
0.949520 -0.052232 0.309326 -0.000000 0.121216 0.970544 -0.208208 10.181600 -0.289340 0.235193 0.927883 0.131500 0.000000 0.000000 0.000000 1.000000
0.943139 -0.094521 0.318678 -0.000000 0.167369 0.963356 -0.209601 10.181600 -0.287188 0.251020 0.924398 0.131500 0.000000 0.000000 0.000000 1.000000
0.936668 -0.127822 0.326059 0.000000 0.202780 0.957018 -0.207355 10.181600 -0.285540 0.260341 0.922328 0.131500 0.000000 0.000000 0.000000 1.000000
0.944134 -0.123237 0.305654 0.000000 0.196992 0.954562 -0.223619 10.181600 -0.264207 0.271338 0.925511 0.131500 0.000000 0.000000 0.000000 1.000000
0.961683 -0.099150 0.255606 -0.000000 0.162460 0.957088 -0.239976 10.181600 -0.220844 0.272307 0.936524 0.131500 0.000000 0.000000 0.000000 1.000000
0.975839 -0.069234 0.207233 0.000000 0.120317 0.961984 -0.245176 10.181600 -0.182380 0.264186 0.947071 0.131500 0.000000 0.000000 0.000000 1.000000
0.984728 -0.044628 0.168284 0.000000 0.085514 0.965940 -0.244229 10.181600 -0.151652 0.254890 0.955004 0.131500 0.000000 0.000000 0.000000 1.000000
0.991956 -0.021892 0.124673 -0.000000 0.051921 0.968630 -0.243022 10.181600 -0.115442 0.247540 0.961976 0.131500 0.000000 0.000000 0.000000 1.000000
0.996563 -0.004215 0.082732 0.000000 0.024095 0.970275 -0.240802 10.181600 -0.079257 0.241968 0.967042 0.131500 0.000000 0.000000 0.000000 1.000000</float_array><technique_common><accessor source="#mixamorig_Spine-Matrix-animation-output-transform-array" count="37" stride="16"><param type="float4x4"/></accessor></technique_common></source><source id="mixamorig_Spine-Interpolations"><Name_array id="mixamorig_Spine-Interpolations-array" count="37">
 LINEAR LINEAR LINEAR LINEAR LINEAR LINEAR LINEAR LINEAR LINEAR LINEAR LINEAR
LINEAR LINEAR LINEAR LINEAR LINEAR LINEAR LINEAR LINEAR LINEAR LINEAR LINEAR LINEAR
LINEAR LINEAR LINEAR LINEAR LINEAR LINEAR LINEAR LINEAR LINEAR LINEAR LINEAR LINEAR
LINEAR LINEAR</Name_array><technique_common><accessor source="#mixamorig_Spine-Interpolations-array" count="37"><param type="name"/></accessor></technique_common></source><sampler id="mixamorig_Spine-Matrix-animation-transform"><input semantic="INPUT" source="#mixamorig_Spine-Matrix-animation-input"/><input semantic="OUTPUT" source="#mixamorig_Spine-Matrix-animation-output-transform"/><input semantic="INTERPOLATION" source="#mixamorig_Spine-Interpolations"/></sampler><channel source="#mixamorig_Spine-Matrix-animation-transform" target="mixamorig_Spine/matrix"/></animation>
    <animation id="mixamorig_Spine1-anim" name="mixamorig_Spine1"><source id="mixamorig_Spine1-Matrix-animation-input"><float_array id="mixamorig_Spine1-Matrix-animation-input-array" count="37">

0.000000 0.033333 0.066667 0.100000 0.133333 0.166667 0.200000 0.233333 0.266667 0.300000 0.333333 0.366667 0.400000 0.433333 0.466667 0.500000
0.533333 0.566667 0.600000 0.633333 0.666667 0.700000 0.733333 0.766667 0.800000 0.833333 0.866667 0.900000 0.933333 0.966667 1.000000 1.033333
1.066667 1.100000 1.133333 1.166667 1.200000</float_array><technique_common><accessor source="#mixamorig_Spine1-Matrix-animation-input-array" count="37"><param name="TIME" type="float"/></accessor></technique_common></source><source id="mixamorig_Spine1-Matrix-animation-output-transform"><float_array id="mixamorig_Spine1-Matrix-animation-output-transform-array" count="592">

0.999582 0.009780 0.027219 -0.000000 -0.005944 0.990468 -0.137615 10.083500 -0.028305 0.137396 0.990112 -1.000800 0.000000 0.000000 0.000000 1.000000
0.999719 0.008333 0.022173 0.000000 -0.005224 0.990590 -0.136765 10.083500 -0.023104 0.136611 0.990355 -1.000800 0.000000 0.000000 0.000000 1.000000
0.999875 0.004993 0.014992 0.000000 -0.002900 0.990631 -0.136534 10.083500 -0.015534 0.136474 0.990522 -1.000800 0.000000 0.000000 0.000000 1.000000
0.999976 0.001928 0.006710 0.000000 -0.000994 0.990640 -0.136494 10.083500 -0.006910 0.136484 0.990618 -1.000800 0.000000 0.000000 0.000000 1.000000
0.999999 -0.000527 -0.001405 0.000000 0.000329 0.990553 -0.137131 10.083500 0.001464 0.137130 0.990552 -1.000800 0.000000 0.000000 0.000000 1.000000
0.999942 -0.001992 -0.010626 -0.000000 0.000505 0.990401 -0.138223 10.083500 0.010799 0.138209 0.990344 -1.000800 0.000000 0.000000 0.000000 1.000000
0.999816 -0.002726 -0.018974 0.000000 0.000054 0.990237 -0.139394 10.083500 0.019169 0.139367 0.990055 -1.000800 0.000000 0.000000 0.000000 1.000000
0.999691 -0.002231 -0.024753 0.000000 -0.001262 0.990124 -0.140189 10.083500 0.024822 0.140177 0.989815 -1.000800 0.000000 0.000000 0.000000 1.000000
0.999602 -0.001690 -0.028161 0.000000 -0.002258 0.990207 -0.139587 10.083500 0.028121 0.139595 0.989809 -1.000800 0.000000 0.000000 0.000000 1.000000
0.999584 -0.003717 -0.028586 0.000000 -0.000283 0.990338 -0.138671 10.083500 0.028825 0.138621 0.989926 -1.000800 0.000000 0.000000 0.000000 1.000000
0.999631 -0.008981 -0.025642 0.000000 0.005276 0.989987 -0.141060 10.083500 0.026652 0.140872 0.989669 -1.000800 0.000000 0.000000 0.000000 1.000000
0.999701 -0.012202 -0.021173 0.000000 0.009049 0.989666 -0.143103 10.083500 0.022700 0.142868 0.989481 -1.000800 0.000000 0.000000 0.000000 1.000000
0.999746 -0.014339 -0.017411 0.000000 0.011706 0.989664 -0.142930 10.083500 0.019280 0.142690 0.989580 -1.000800 0.000000 0.000000 0.000000 1.000000
0.999785 -0.014678 -0.014642 -0.000000 0.012445 0.989735 -0.142372 10.083500 0.016581 0.142160 0.989705 -1.000800 0.000000 0.000000 0.000000 1.000000
0.999888 -0.011016 -0.010121 0.000000 0.009464 0.989771 -0.142354 10.083500 0.011586 0.142242 0.989764 -1.000800 0.000000 0.000000 0.000000 1.000000
0.999955 -0.007739 -0.005484 0.000000 0.006881 0.989814 -0.142199 10.083500 0.006529 0.142155 0.989823 -1.000800 0.000000 0.000000 0.000000 1.000000
0.999972 -0.007528 0.000043 0.000000 0.007459 0.989934 -0.141331 10.083500 0.001021 0.141327 0.989962 -1.000800 0.000000 0.000000 0.000000 1.000000
0.999952 -0.007131 0.006758 0.000000 0.008007 0.990124 -0.139965 10.083500 -0.005694 0.140012 0.990133 -1.000800 0.000000 0.000000 0.000000 1.000000
0.999883 -0.007666 0.013238 0.000000 0.009436 0.990203 -0.139316 10.083500 -0.012040 0.139425 0.990159 -1.000800 0.000000 0.000000 0.000000 1.000000
0.999775 -0.006969 0.020041 0.000000 0.009670 0.990387 -0.137989 10.083500 -0.018887 0.138152 0.990231 -1.000800 0.000000 0.000000 0.000000 1.000000
0.999633 -0.004853 0.026635 0.000000 0.008484 0.990404 -0.137945 10.083500 -0.025710 0.138121 0.990082 -1.000800 0.000000 0.000000 0.000000 1.000000
0.999424 -0.001742 0.033892 0.000000 0.006422 0.990346 -0.138467 10.083500 -0.033324 0.138605 0.989787 -1.000800 0.000000 0.000000 0.000000 1.000000
0.999111 0.002171 0.042096 -0.000000 0.003672 0.990392 -0.138239 10.083500 -0.041992 0.138270 0.989504 -1.000800 0.000000 0.000000 0.000000 1.000000
0.998641 0.005721 0.051797 -0.000000 0.001423 0.990591 -0.136847 10.083500 -0.052093 0.136735 0.989237 -1.000800 0.000000 0.000000 0.000000 1.000000
0.998065 0.007833 0.061690 0.000000 0.000508 0.990975 -0.134043 10.083500 -0.062183 0.133815 0.989053 -1.000800 0.000000 0.000000 0.000000 1.000000
0.997610 0.009711 0.068416 0.000000 -0.000572 0.991204 -0.132344 10.083500 -0.069099 0.131989 0.988840 -1.000800 0.000000 0.000000 0.000000 1.000000
0.997218 0.010316 0.073818 -0.000000 -0.000523 0.991320 -0.131474 10.083500 -0.074534 0.131069 0.988567 -1.000800 0.000000 0.000000 0.000000 1.000000
0.997032 0.009329 0.076426 0.000000 0.000860 0.991221 -0.132209 10.083500 -0.076988 0.131882 0.988271 -1.000800 0.000000 0.000000 0.000000 1.000000
0.997109 0.011046 0.075173 0.000000 -0.000864 0.990961 -0.134150 10.083500 -0.075976 0.133697 0.988106 -1.000800 0.000000 0.000000 0.000000 1.000000
0.997390 0.013181 0.070987 0.000000 -0.003580 0.991012 -0.133725 10.083500 -0.072112 0.133122 0.988473 -1.000800 0.000000 0.000000 0.000000 1.000000
0.997658 0.016082 0.066478 0.000000 -0.007064 0.990993 -0.133730 10.083500 -0.068030 0.132947 0.988786 -1.000800 0.000000 0.000000 0.000000 1.000000
0.998026 0.016324 0.060640 -0.000000 -0.008035 0.990881 -0.134498 10.083500 -0.062283 0.133745 0.989057 -1.000800 0.000000 0.000000 0.000000 1.000000
0.998102 0.007170 0.061163 0.000000 0.000942 0.991303 -0.131594 10.083500 -0.061575 0.131402 0.989415 -1.000800 0.000000 0.000000 0.000000 1.000000
0.998224 0.000551 0.059575 0.000000 0.007186 0.991543 -0.129583 10.083500 -0.059142 0.129781 0.989777 -1.000800 0.000000 0.000000 0.000000 1.000000
0.998706 0.003519 0.050730 0.000000 0.003191 0.991299 -0.131590 10.083500 -0.050752 0.131581 0.990005 -1.000800 0.000000 0.000000 0.000000 1.000000
0.999204 0.006951 0.039269 0.000000 -0.001610 0.990923 -0.134422 10.083500 -0.039847 0.134252 0.990146 -1.000800 0.000000 0.000000 0.000000 1.000000
0.999582 0.009780 0.027219 0.000000 -0.005944 0.990468 -0.137615 10.083500 -0.028305 0.137396 0.990112 -1.000800 0.000000 0.000000 0.000000 1.000000</float_array><technique_common><accessor source="#mixamorig_Spine1-Matrix-animation-output-transform-array" count="37" stride="16"><param type="float4x4"/></accessor></technique_common></source><source id="mixamorig_Spine1-Interpolations"><Name_array id="mixamorig_Spine1-Interpolations-array" count="37">
 LINEAR LINEAR LINEAR LINEAR LINEAR LINEAR LINEAR LINEAR LINEAR LINEAR LINEAR
LINEAR LINEAR LINEAR LINEAR LINEAR LINEAR LINEAR LINEAR LINEAR LINEAR LINEAR LINEAR
LINEAR LINEAR LINEAR LINEAR LINEAR LINEAR LINEAR LINEAR LINEAR LINEAR LINEAR LINEAR
LINEAR LINEAR</Name_array><technique_common><accessor source="#mixamorig_Spine1-Interpolations-array" count="37"><param type="name"/></accessor></technique_common></source><sampler id="mixamorig_Spine1-Matrix-animation-transform"><input semantic="INPUT" source="#mixamorig_Spine1-Matrix-animation-input"/><input semantic="OUTPUT" source="#mixamorig_Spine1-Matrix-animation-output-transform"/><input semantic="INTERPOLATION" source="#mixamorig_Spine1-Interpolations"/></sampler><channel source="#mixamorig_Spine1-Matrix-animation-transform" target="mixamorig_Spine1/matrix"/></animation>
    <animation id="mixamorig_Spine2-anim" name="mixamorig_Spine2"><source id="mixamorig_Spine2-Matrix-animation-input"><float_array id="mixamorig_Spine2-Matrix-animation-input-array" count="37">

0.000000 0.033333 0.066667 0.100000 0.133333 0.166667 0.200000 0.233333 0.266667 0.300000 0.333333 0.366667 0.400000 0.433333 0.466667 0.500000
0.533333 0.566667 0.600000 0.633333 0.666667 0.700000 0.733333 0.766667 0.800000 0.833333 0.866667 0.900000 0.933333 0.966667 1.000000 1.033333
1.066667 1.100000 1.133333 1.166667 1.200000</float_array><technique_common><accessor source="#mixamorig_Spine2-Matrix-animation-input-array" count="37"><param name="TIME" type="float"/></accessor></technique_common></source><source id="mixamorig_Spine2-Matrix-animation-output-transform"><float_array id="mixamorig_Spine2-Matrix-animation-output-transform-array" count="592">

0.999514 0.007353 0.030287 -0.000000 -0.003207 0.990876 -0.134742 9.100000 -0.031001 0.134579 0.990418 -1.373400 0.000000 0.000000 0.000000 1.000000
0.999665 0.005869 0.025217 0.000000 -0.002441 0.990996 -0.133869 9.100000 -0.025776 0.133763 0.990678 -1.373400 0.000000 0.000000 0.000000 1.000000
0.999834 0.002496 0.018072 0.000000 -0.000060 0.991037 -0.133590 9.100000 -0.018243 0.133566 0.990872 -1.373400 0.000000 0.000000 0.000000 1.000000
0.999952 -0.000578 0.009785 0.000000 0.001879 0.991047 -0.133500 9.100000 -0.009621 0.133512 0.991000 -1.373400 0.000000 0.000000 0.000000 1.000000
0.999994 -0.003016 0.001651 0.000000 0.003210 0.990963 -0.134094 9.100000 -0.001232 0.134099 0.990967 -1.373400 0.000000 0.000000 0.000000 1.000000
0.999961 -0.004442 -0.007588 -0.000000 0.003376 0.990818 -0.135162 9.100000 0.008118 0.135131 0.990795 -1.373400 0.000000 0.000000 0.000000 1.000000
0.999860 -0.005140 -0.015943 0.000000 0.002918 0.990658 -0.136339 9.100000 0.016495 0.136273 0.990534 -1.373400 0.000000 0.000000 0.000000 1.000000
0.999754 -0.004653 -0.021703 0.000000 0.001633 0.990547 -0.137162 9.100000 0.022136 0.137093 0.990311 -1.373400 0.000000 0.000000 0.000000 1.000000
0.999681 -0.004174 -0.024928 0.000000 0.000729 0.990620 -0.136640 9.100000 0.025265 0.136579 0.990307 -1.373400 0.000000 0.000000 0.000000 1.000000
0.999668 -0.006286 -0.024984 -0.000000 0.002834 0.990722 -0.135872 9.100000 0.025606 0.135756 0.990411 -1.373400 0.000000 0.000000 0.000000 1.000000
0.999701 -0.011543 -0.021544 0.000000 0.008450 0.990325 -0.138511 9.100000 0.022934 0.138288 0.990127 -1.373400 0.000000 0.000000 0.000000 1.000000
0.999756 -0.014696 -0.016490 0.000000 0.012232 0.989975 -0.140713 9.100000 0.018393 0.140477 0.989913 -1.373400 0.000000 0.000000 0.000000 1.000000
0.999786 -0.016719 -0.012207 0.000000 0.014838 0.989951 -0.140627 9.100000 0.014436 0.140416 0.989987 -1.373400 0.000000 0.000000 0.000000 1.000000
0.999815 -0.016976 -0.009079 -0.000000 0.015538 0.990027 -0.140020 9.100000 0.011365 0.139853 0.990107 -1.373400 0.000000 0.000000 0.000000 1.000000
0.999903 -0.013225 -0.004370 0.000000 0.012484 0.990107 -0.139759 9.100000 0.006175 0.139691 0.990176 -1.373400 0.000000 0.000000 0.000000 1.000000
0.999952 -0.009828 0.000381 -0.000000 0.009786 0.990186 -0.139410 9.100000 0.000993 0.139407 0.990235 -1.373400 0.000000 0.000000 0.000000 1.000000
0.999937 -0.009490 0.006045 -0.000000 0.010235 0.990324 -0.138395 9.100000 -0.004673 0.138448 0.990359 -1.373400 0.000000 0.000000 0.000000 1.000000
0.999877 -0.008972 0.012890 -0.000000 0.010652 0.990533 -0.136862 9.100000 -0.011540 0.136982 0.990506 -1.373400 0.000000 0.000000 0.000000 1.000000
0.999766 -0.009408 0.019493 -0.000000 0.011975 0.990629 -0.136054 9.100000 -0.018030 0.136255 0.990510 -1.373400 0.000000 0.000000 0.000000 1.000000
0.999615 -0.008637 0.026380 -0.000000 0.012112 0.990833 -0.134551 9.100000 -0.024976 0.134818 0.990556 -1.373400 0.000000 0.000000 0.000000 1.000000
0.999434 -0.006464 0.033027 0.000000 0.010848 0.990877 -0.134330 9.100000 -0.031858 0.134612 0.990386 -1.373400 0.000000 0.000000 0.000000 1.000000
0.999181 -0.003310 0.040327 0.000000 0.008717 0.990855 -0.134652 9.100000 -0.039513 0.134893 0.990072 -1.373400 0.000000 0.000000 0.000000 1.000000
0.998823 0.000614 0.048508 0.000000 0.005909 0.990935 -0.134212 9.100000 -0.048151 0.134340 0.989765 -1.373400 0.000000 0.000000 0.000000 1.000000
0.998298 0.004187 0.058174 0.000000 0.003569 0.991167 -0.132572 9.100000 -0.058215 0.132554 0.989465 -1.373400 0.000000 0.000000 0.000000 1.000000
0.997666 0.006353 0.067990 0.000000 0.002514 0.991572 -0.129530 9.100000 -0.068240 0.129398 0.989242 -1.373400 0.000000 0.000000 0.000000 1.000000
0.997180 0.008264 0.074596 0.000000 0.001337 0.991807 -0.127742 9.100000 -0.075040 0.127482 0.988998 -1.373400 0.000000 0.000000 0.000000 1.000000
0.996768 0.008914 0.079834 0.000000 0.001295 0.991912 -0.126924 9.100000 -0.080320 0.126618 0.988694 -1.373400 0.000000 0.000000 0.000000 1.000000
0.996574 0.007981 0.082319 0.000000 0.002615 0.991794 -0.127820 9.100000 -0.082664 0.127597 0.988375 -1.373400 0.000000 0.000000 0.000000 1.000000
0.996685 0.009715 0.080777 0.000000 0.000887 0.991488 -0.130192 9.100000 -0.081355 0.129832 0.988193 -1.373400 0.000000 0.000000 0.000000 1.000000
0.997035 0.012060 0.076004 0.000000 -0.002058 0.991470 -0.130321 9.100000 -0.076927 0.129778 0.988554 -1.373400 0.000000 0.000000 0.000000 1.000000
0.997376 0.014987 0.070834 -0.000000 -0.005607 0.991392 -0.130810 9.100000 -0.072185 0.130069 0.988874 -1.373400 0.000000 0.000000 0.000000 1.000000
0.997805 0.014995 0.064507 0.000000 -0.006375 0.991254 -0.131812 9.100000 -0.065920 0.131111 0.989174 -1.373400 0.000000 0.000000 0.000000 1.000000
0.997832 0.007050 0.065427 0.000000 0.001411 0.991725 -0.128376 9.100000 -0.065790 0.128190 0.989565 -1.373400 0.000000 0.000000 0.000000 1.000000
0.997942 0.001019 0.064122 0.000000 0.007090 0.991993 -0.126097 9.100000 -0.063737 0.126292 0.989943 -1.373400 0.000000 0.000000 0.000000 1.000000
0.998501 0.003199 0.054636 0.000000 0.003847 0.991718 -0.128376 9.100000 -0.054594 0.128394 0.990219 -1.373400 0.000000 0.000000 0.000000 1.000000
0.999072 0.005593 0.042704 0.000000 0.000067 0.991328 -0.131409 9.100000 -0.043069 0.131290 0.990408 -1.373400 0.000000 0.000000 0.000000 1.000000
0.999514 0.007353 0.030287 0.000000 -0.003207 0.990876 -0.134742 9.100000 -0.031001 0.134579 0.990418 -1.373400 0.000000 0.000000 0.000000 1.000000</float_array><technique_common><accessor source="#mixamorig_Spine2-Matrix-animation-output-transform-array" count="37" stride="16"><param type="float4x4"/></accessor></technique_common></source><source id="mixamorig_Spine2-Interpolations"><Name_array id="mixamorig_Spine2-Interpolations-array" count="37">
 LINEAR LINEAR LINEAR LINEAR LINEAR LINEAR LINEAR LINEAR LINEAR LINEAR LINEAR
LINEAR LINEAR LINEAR LINEAR LINEAR LINEAR LINEAR LINEAR LINEAR LINEAR LINEAR LINEAR
LINEAR LINEAR LINEAR LINEAR LINEAR LINEAR LINEAR LINEAR LINEAR LINEAR LINEAR LINEAR
LINEAR LINEAR</Name_array><technique_common><accessor source="#mixamorig_Spine2-Interpolations-array" count="37"><param type="name"/></accessor></technique_common></source><sampler id="mixamorig_Spine2-Matrix-animation-transform"><input semantic="INPUT" source="#mixamorig_Spine2-Matrix-animation-input"/><input semantic="OUTPUT" source="#mixamorig_Spine2-Matrix-animation-output-transform"/><input semantic="INTERPOLATION" source="#mixamorig_Spine2-Interpolations"/></sampler><channel source="#mixamorig_Spine2-Matrix-animation-transform" target="mixamorig_Spine2/matrix"/></animation>
    <animation id="mixamorig_Neck-anim" name="mixamorig_Neck"><source id="mixamorig_Neck-Matrix-animation-input"><float_array id="mixamorig_Neck-Matrix-animation-input-array" count="37">

0.000000 0.033333 0.066667 0.100000 0.133333 0.166667 0.200000 0.233333 0.266667 0.300000 0.333333 0.366667 0.400000 0.433333 0.466667 0.500000
0.533333 0.566667 0.600000 0.633333 0.666667 0.700000 0.733333 0.766667 0.800000 0.833333 0.866667 0.900000 0.933333 0.966667 1.000000 1.033333
1.066667 1.100000 1.133333 1.166667 1.200000</float_array><technique_common><accessor source="#mixamorig_Neck-Matrix-animation-input-array" count="37"><param name="TIME" type="float"/></accessor></technique_common></source><source id="mixamorig_Neck-Matrix-animation-output-transform"><float_array id="mixamorig_Neck-Matrix-animation-output-transform-array" count="592">

0.999855 -0.005495 -0.016093 -0.000000 0.005761 0.999847 0.016536 16.671700 0.016000 -0.016626 0.999734 -2.516200 0.000000 0.000000 0.000000 1.000000
0.999910 -0.003608 -0.012916 -0.000000 0.003807 0.999874 0.015402 16.671700 0.012859 -0.015450 0.999798 -2.516200 0.000000 0.000000 0.000000 1.000000
0.999963 -0.001095 -0.008561 0.000000 0.001216 0.999900 0.014089 16.671700 0.008544 -0.014099 0.999864 -2.516200 0.000000 0.000000 0.000000 1.000000
0.999996 0.000479 -0.002722 0.000000 -0.000440 0.999896 0.014428 16.671700 0.002729 -0.014427 0.999892 -2.516200 0.000000 0.000000 0.000000 1.000000
0.999992 0.002055 0.003289 0.000000 -0.002097 0.999917 0.012751 16.671700 -0.003263 -0.012758 0.999913 -2.516200 0.000000 0.000000 0.000000 1.000000
0.999951 0.002589 0.009531 0.000000 -0.002694 0.999936 0.011029 16.671700 -0.009502 -0.011054 0.999894 -2.516200 0.000000 0.000000 0.000000 1.000000
0.999874 0.004643 0.015164 0.000000 -0.004809 0.999928 0.010969 16.671700 -0.015111 -0.011041 0.999825 -2.516200 0.000000 0.000000 0.000000 1.000000
0.999790 0.007699 0.019012 0.000000 -0.007952 0.999880 0.013316 16.671700 -0.018908 -0.013465 0.999731 -2.516200 0.000000 0.000000 0.000000 1.000000
0.999731 0.008994 0.021364 -0.000000 -0.009383 0.999790 0.018198 16.671700 -0.021196 -0.018394 0.999606 -2.516200 0.000000 0.000000 0.000000 1.000000
0.999661 0.011773 0.023217 0.000000 -0.012340 0.999626 0.024419 16.671700 -0.022921 -0.024697 0.999432 -2.516200 0.000000 0.000000 0.000000 1.000000
0.999575 0.015223 0.024877 -0.000000 -0.015945 0.999449 0.029122 16.671700 -0.024420 -0.029506 0.999266 -2.516200 0.000000 0.000000 0.000000 1.000000
0.999533 0.016473 0.025751 0.000000 -0.017278 0.999360 0.031332 16.671700 -0.025218 -0.031763 0.999177 -2.516200 0.000000 0.000000 0.000000 1.000000
0.999536 0.014877 0.026588 0.000000 -0.015696 0.999400 0.030862 16.671700 -0.026113 -0.031265 0.999170 -2.516200 0.000000 0.000000 0.000000 1.000000
0.999513 0.014669 0.027555 -0.000000 -0.015512 0.999410 0.030646 16.671700 -0.027090 -0.031059 0.999150 -2.516200 0.000000 0.000000 0.000000 1.000000
0.999519 0.015488 0.026865 0.000000 -0.016306 0.999402 0.030506 16.671700 -0.026376 -0.030929 0.999174 -2.516200 0.000000 0.000000 0.000000 1.000000
0.999569 0.014614 0.025468 -0.000000 -0.015325 0.999491 0.027981 16.671700 -0.025046 -0.028359 0.999284 -2.516200 0.000000 0.000000 0.000000 1.000000
0.999655 0.012773 0.022955 0.000000 -0.013345 0.999599 0.024960 16.671700 -0.022627 -0.025257 0.999425 -2.516200 0.000000 0.000000 0.000000 1.000000
0.999787 0.008882 0.018654 0.000000 -0.009265 0.999746 0.020551 16.671700 -0.018466 -0.020720 0.999615 -2.516200 0.000000 0.000000 0.000000 1.000000
0.999868 0.007223 0.014521 -0.000000 -0.007488 0.999806 0.018235 16.671700 -0.014386 -0.018341 0.999728 -2.516200 0.000000 0.000000 0.000000 1.000000
0.999949 0.004522 0.009045 0.000000 -0.004653 0.999883 0.014549 16.671700 -0.008978 -0.014591 0.999853 -2.516200 0.000000 0.000000 0.000000 1.000000
0.999992 0.002638 0.002974 -0.000000 -0.002676 0.999915 0.012724 16.671700 -0.002940 -0.012732 0.999915 -2.516200 0.000000 0.000000 0.000000 1.000000
0.999990 0.002736 -0.003648 0.000000 -0.002696 0.999937 0.010927 16.671700 0.003678 -0.010917 0.999934 -2.516200 0.000000 0.000000 0.000000 1.000000
0.999933 0.002711 -0.011241 -0.000000 -0.002628 0.999970 0.007342 16.671700 0.011261 -0.007312 0.999910 -2.516200 0.000000 0.000000 0.000000 1.000000
0.999812 0.002702 -0.019207 0.000000 -0.002615 0.999986 0.004555 16.671700 0.019219 -0.004504 0.999805 -2.516200 0.000000 0.000000 0.000000 1.000000
0.999643 0.002408 -0.026600 0.000000 -0.002312 0.999991 0.003626 16.671700 0.026609 -0.003564 0.999640 -2.516200 0.000000 0.000000 0.000000 1.000000
0.999475 0.000610 -0.032399 0.000000 -0.000445 0.999987 0.005085 16.671700 0.032401 -0.005068 0.999462 -2.516200 0.000000 0.000000 0.000000 1.000000
0.999317 -0.000909 -0.036944 0.000000 0.001159 0.999977 0.006737 16.671700 0.036937 -0.006775 0.999295 -2.516200 0.000000 0.000000 0.000000 1.000000
0.999207 -0.002701 -0.039718 0.000000 0.003108 0.999943 0.010201 16.671700 0.039688 -0.010316 0.999159 -2.516200 0.000000 0.000000 0.000000 1.000000
0.999178 -0.005644 -0.040152 0.000000 0.006220 0.999879 0.014249 16.671700 0.040067 -0.014487 0.999092 -2.516200 0.000000 0.000000 0.000000 1.000000
0.999227 -0.007453 -0.038588 0.000000 0.008174 0.999795 0.018545 16.671700 0.038442 -0.018846 0.999083 -2.516200 0.000000 0.000000 0.000000 1.000000
0.999325 -0.007006 -0.036065 0.000000 0.007824 0.999714 0.022592 16.671700 0.035897 -0.022859 0.999094 -2.516200 0.000000 0.000000 0.000000 1.000000
0.999433 -0.008027 -0.032684 0.000000 0.008893 0.999611 0.026427 16.671700 0.032459 -0.026703 0.999116 -2.516200 0.000000 0.000000 0.000000 1.000000
0.999483 -0.007802 -0.031200 0.000000 0.008561 0.999669 0.024258 16.671700 0.031000 -0.024513 0.999219 -2.516200 0.000000 0.000000 0.000000 1.000000
0.999568 -0.008206 -0.028231 -0.000000 0.008800 0.999741 0.020973 16.671700 0.028052 -0.021212 0.999381 -2.516200 0.000000 0.000000 0.000000 1.000000
0.999681 -0.008488 -0.023790 0.000000 0.008906 0.999807 0.017509 16.671700 0.023637 -0.017715 0.999564 -2.516200 0.000000 0.000000 0.000000 1.000000
0.999772 -0.007405 -0.020031 0.000000 0.007744 0.999827 0.016917 16.671700 0.019902 -0.017068 0.999656 -2.516200 0.000000 0.000000 0.000000 1.000000
0.999855 -0.005495 -0.016093 0.000000 0.005761 0.999847 0.016536 16.671700 0.016000 -0.016626 0.999734 -2.516200 0.000000 0.000000 0.000000 1.000000</float_array><technique_common><accessor source="#mixamorig_Neck-Matrix-animation-output-transform-array" count="37" stride="16"><param type="float4x4"/></accessor></technique_common></source><source id="mixamorig_Neck-Interpolations"><Name_array id="mixamorig_Neck-Interpolations-array" count="37">
 LINEAR LINEAR LINEAR LINEAR LINEAR LINEAR LINEAR LINEAR LINEAR LINEAR LINEAR
LINEAR LINEAR LINEAR LINEAR LINEAR LINEAR LINEAR LINEAR LINEAR LINEAR LINEAR LINEAR
LINEAR LINEAR LINEAR LINEAR LINEAR LINEAR LINEAR LINEAR LINEAR LINEAR LINEAR LINEAR
LINEAR LINEAR</Name_array><technique_common><accessor source="#mixamorig_Neck-Interpolations-array" count="37"><param type="name"/></accessor></technique_common></source><sampler id="mixamorig_Neck-Matrix-animation-transform"><input semantic="INPUT" source="#mixamorig_Neck-Matrix-animation-input"/><input semantic="OUTPUT" source="#mixamorig_Neck-Matrix-animation-output-transform"/><input semantic="INTERPOLATION" source="#mixamorig_Neck-Interpolations"/></sampler><channel source="#mixamorig_Neck-Matrix-animation-transform" target="mixamorig_Neck/matrix"/></animation>
    <animation id="mixamorig_Head-anim" name="mixamorig_Head"><source id="mixamorig_Head-Matrix-animation-input"><float_array id="mixamorig_Head-Matrix-animation-input-array" count="37">

0.000000 0.033333 0.066667 0.100000 0.133333 0.166667 0.200000 0.233333 0.266667 0.300000 0.333333 0.366667 0.400000 0.433333 0.466667 0.500000
0.533333 0.566667 0.600000 0.633333 0.666667 0.700000 0.733333 0.766667 0.800000 0.833333 0.866667 0.900000 0.933333 0.966667 1.000000 1.033333
1.066667 1.100000 1.133333 1.166667 1.200000</float_array><technique_common><accessor source="#mixamorig_Head-Matrix-animation-input-array" count="37"><param name="TIME" type="float"/></accessor></technique_common></source><source id="mixamorig_Head-Matrix-animation-output-transform"><float_array id="mixamorig_Head-Matrix-animation-output-transform-array" count="592">

0.987428 0.013063 -0.157529 0.000000 0.024599 0.971738 0.234778 9.617900 0.156144 -0.235701 0.959200 1.685000 0.000000 0.000000 0.000000 1.000000
0.989621 0.017655 -0.142611 0.000000 0.014679 0.974814 0.222538 9.617900 0.142948 -0.222322 0.964437 1.685000 0.000000 0.000000 0.000000 1.000000
0.992210 0.020658 -0.122850 0.000000 0.006105 0.976906 0.213581 9.617900 0.124425 -0.212667 0.969170 1.685000 0.000000 0.000000 0.000000 1.000000
0.994986 0.019219 -0.098150 0.000000 0.001552 0.978279 0.207287 9.617900 0.100001 -0.206400 0.973344 1.685000 0.000000 0.000000 0.000000 1.000000
0.997603 0.015496 -0.067436 0.000000 -0.001608 0.979529 0.201295 9.617900 0.069175 -0.200704 0.977207 1.685000 0.000000 0.000000 0.000000 1.000000
0.999361 0.008765 -0.034660 0.000000 -0.001683 0.979939 0.199289 9.617900 0.035712 -0.199103 0.979328 1.685000 0.000000 0.000000 0.000000 1.000000
0.999927 -0.000365 -0.012088 0.000000 0.002906 0.977500 0.210915 9.617900 0.011739 -0.210934 0.977430 1.685000 0.000000 0.000000 0.000000 1.000000
0.999976 -0.004439 -0.005291 0.000000 0.005568 0.971420 0.237303 9.617900 0.004086 -0.237327 0.971421 1.685000 0.000000 0.000000 0.000000 1.000000
